20    3.32764e-02    1.07486e-02
45    7.07226e-02    2.09493e-02
70    6.26450e-02    3.79238e-02
95    7.28130e-02    8.19807e-02
120    1.02347e-01    1.30856e-01
145    1.50854e-01    1.30969e-01
170    9.76695e-03    2.01216e-01
195    4.21845e-02    2.37671e-01
220    -3.34358e-02    3.11864e-01
245    -2.32838e-01    3.88224e-01
270    -4.97017e-02    4.29317e-01
295    -1.25919e-01    5.49472e-01
320    -6.53853e-02    7.25990e-01
345    3.42428e-02    1.15823e+00
370    4.50819e-01    1.20741e+00
395    2.00484e-01    1.38337e+00
420    -2.43385e-01    1.93352e+00
445    -8.45941e-01    2.41163e+00
470    2.03616e-01    2.87200e+00
495    6.65851e-02    3.65163e+00
520    -4.66185e-02    3.91637e+00
545    9.49157e-01    4.95052e+00
570    -7.82725e-01    5.53831e+00
595    -1.69551e+00    6.84032e+00
620    -2.20874e+00    7.73934e+00
645    6.56018e-01    9.34175e+00
670    -5.53232e+00    1.03808e+01
