# nlmax, ncor, nside =         500           6        1024
    0   0.0000000000000000E+00  0.0000000000000000E+00  0.0000000000000000E+00  0.0000000000000000E+00  0.0000000000000000E+00  0.0000000000000000E+00
    1   0.0000000000000000E+00  0.0000000000000000E+00  0.0000000000000000E+00  0.0000000000000000E+00  0.0000000000000000E+00  0.0000000000000000E+00
    2   0.0000000000000000E+00  0.1344870523455206E-02  0.8506280307733647E-03  0.0000000000000000E+00  0.0000000000000000E+00 -0.1695856048607255E-07
    3   0.0000000000000000E+00  0.1345677983727961E-02  0.8504930046758296E-03  0.0000000000000000E+00  0.0000000000000000E+00 -0.8400166386815550E-07
    4   0.0000000000000000E+00  0.1346725805996731E-02  0.8502893591242377E-03  0.0000000000000000E+00  0.0000000000000000E+00 -0.2488709366894307E-06
    5   0.0000000000000000E+00  0.1347988520327590E-02  0.8499963976317791E-03  0.0000000000000000E+00  0.0000000000000000E+00 -0.5716711617978208E-06
    6   0.0000000000000000E+00  0.1349433303861525E-02  0.8495876851315276E-03  0.0000000000000000E+00  0.0000000000000000E+00 -0.1122004339411153E-05
    7   0.0000000000000000E+00  0.1351019306315244E-02  0.8490306707993949E-03  0.0000000000000000E+00  0.0000000000000000E+00 -0.1975601793072219E-05
    8   0.0000000000000000E+00  0.1352696851252197E-02  0.8482862528777437E-03  0.0000000000000000E+00  0.0000000000000000E+00 -0.3210586109527198E-05
    9   0.0000000000000000E+00  0.1354406497639227E-02  0.8473082821760952E-03  0.0000000000000000E+00  0.0000000000000000E+00 -0.4903510248023075E-05
   10   0.0000000000000000E+00  0.1356077969487901E-02  0.8460430172080320E-03  0.0000000000000000E+00  0.0000000000000000E+00 -0.7125331348191783E-05
   11   0.0000000000000000E+00  0.1357628970794307E-02  0.8444285515512875E-03  0.0000000000000000E+00  0.0000000000000000E+00 -0.9937481188475270E-05
   12   0.0000000000000000E+00  0.1358963909480481E-02  0.8423942399188931E-03  0.0000000000000000E+00  0.0000000000000000E+00 -0.1338819364851490E-04
   13   0.0000000000000000E+00  0.1359972553454489E-02  0.8398601510682424E-03  0.0000000000000000E+00  0.0000000000000000E+00 -0.1750924170493290E-04
   14   0.0000000000000000E+00  0.1360528677650366E-02  0.8367365999014398E-03  0.0000000000000000E+00  0.0000000000000000E+00 -0.2231322288413224E-04
   15   0.0000000000000000E+00  0.1360488781372617E-02  0.8329238253469218E-03  0.0000000000000000E+00  0.0000000000000000E+00 -0.2779151300143873E-04
   16   0.0000000000000000E+00  0.1359690965241042E-02  0.8283118878508087E-03  0.0000000000000000E+00  0.0000000000000000E+00 -0.3391298362216631E-04
   17   0.0000000000000000E+00  0.1357954118486592E-02  0.8227808981332246E-03  0.0000000000000000E+00  0.0000000000000000E+00 -0.4062355076909268E-04
   18   0.0000000000000000E+00  0.1355077588713467E-02  0.8162017000032966E-03  0.0000000000000000E+00  0.0000000000000000E+00 -0.4784659079912174E-04
   19   0.0000000000000000E+00  0.1350841560092387E-02  0.8084371583984164E-03  0.0000000000000000E+00  0.0000000000000000E+00 -0.5548422612530776E-04
   20   0.0000000000000000E+00  0.1345011786575891E-02  0.7993462288650285E-03  0.0000000000000000E+00  0.0000000000000000E+00 -0.6341960856984274E-04
   21   0.0000000000000000E+00  0.1337333913785657E-02  0.7887819902789364E-03  0.0000000000000000E+00  0.0000000000000000E+00 -0.7151947867878758E-04
   22   0.0000000000000000E+00  0.1327544096821128E-02  0.7765996147575670E-03  0.0000000000000000E+00  0.0000000000000000E+00 -0.7963796623505095E-04
   23   0.0000000000000000E+00  0.1315374098231395E-02  0.7626611071746451E-03  0.0000000000000000E+00  0.0000000000000000E+00 -0.8762068393141427E-04
   24   0.0000000000000000E+00  0.1300559455920855E-02  0.7468419097013853E-03  0.0000000000000000E+00  0.0000000000000000E+00 -0.9530924284550253E-04
   25   0.0000000000000000E+00  0.1282850406968882E-02  0.7290390422059612E-03  0.0000000000000000E+00  0.0000000000000000E+00 -0.1025460194226947E-03
   26   0.0000000000000000E+00  0.1262025242892314E-02  0.7091804082757715E-03  0.0000000000000000E+00  0.0000000000000000E+00 -0.1091789844216560E-03
   27   0.0000000000000000E+00  0.1237905799514464E-02  0.6872348716666311E-03  0.0000000000000000E+00  0.0000000000000000E+00 -0.1150664131114168E-03
   28   0.0000000000000000E+00  0.1210375621926805E-02  0.6632231199653427E-03  0.0000000000000000E+00  0.0000000000000000E+00 -0.1200814198408827E-03
   29   0.0000000000000000E+00  0.1179394388985562E-02  0.6372254726129416E-03  0.0000000000000000E+00  0.0000000000000000E+00 -0.1241156436855871E-03
   30   0.0000000000000000E+00  0.1145015807133918E-02  0.6093903789548511E-03  0.0000000000000000E+00  0.0000000000000000E+00 -0.1270827379429362E-03
   31   0.0000000000000000E+00  0.1107400655110862E-02  0.5799387336309191E-03  0.0000000000000000E+00  0.0000000000000000E+00 -0.1289209888011840E-03
   32   0.0000000000000000E+00  0.1066824227601532E-02  0.5491635597632492E-03  0.0000000000000000E+00  0.0000000000000000E+00 -0.1295950562570548E-03
   33   0.0000000000000000E+00  0.1023676927662394E-02  0.5174244758079455E-03  0.0000000000000000E+00  0.0000000000000000E+00 -0.1290968464283800E-03
   34   0.0000000000000000E+00  0.9784563249663242E-03  0.4851363509750073E-03  0.0000000000000000E+00  0.0000000000000000E+00 -0.1274454623329184E-03
   35   0.0000000000000000E+00  0.9317501909103831E-03  0.4527524296653256E-03  0.0000000000000000E+00  0.0000000000000000E+00 -0.1246862445016853E-03
   36   0.0000000000000000E+00  0.8842117046644310E-03  0.4207432553732071E-03  0.0000000000000000E+00  0.0000000000000000E+00 -0.1208890201380372E-03
   37   0.0000000000000000E+00  0.8365264529172916E-03  0.3895721158343598E-03  0.0000000000000000E+00  0.0000000000000000E+00 -0.1161453348103512E-03
   38   0.0000000000000000E+00  0.7893778032290848E-03  0.3596711157845201E-03  0.0000000000000000E+00  0.0000000000000000E+00 -0.1105652673769327E-03
   39   0.0000000000000000E+00  0.7434117367398374E-03  0.3314191092895058E-03  0.0000000000000000E+00  0.0000000000000000E+00 -0.1042736543848384E-03
   40   0.0000000000000000E+00  0.6992047620243426E-03  0.3051237427666833E-03  0.0000000000000000E+00  0.0000000000000000E+00 -0.9740588743829302E-04
   41   0.0000000000000000E+00  0.6572383918071979E-03  0.2810094089979855E-03  0.0000000000000000E+00  0.0000000000000000E+00 -0.9010352862089397E-04
   42   0.0000000000000000E+00  0.6178819336671069E-03  0.2592117377139739E-03  0.0000000000000000E+00  0.0000000000000000E+00 -0.8250989269000463E-04
   43   0.0000000000000000E+00  0.5813843376638223E-03  0.2397784901303827E-03  0.0000000000000000E+00  0.0000000000000000E+00 -0.7476576535039192E-04
   44   0.0000000000000000E+00  0.5478749444797516E-03  0.2226761145847846E-03  0.0000000000000000E+00  0.0000000000000000E+00 -0.6700544395582635E-04
   45   0.0000000000000000E+00  0.5173709165716565E-03  0.2078002765988923E-03  0.0000000000000000E+00  0.0000000000000000E+00 -0.5935311920134474E-04
   46   0.0000000000000000E+00  0.4897910869438608E-03  0.1949895108099019E-03  0.0000000000000000E+00  0.0000000000000000E+00 -0.5191991473168918E-04
   47   0.0000000000000000E+00  0.4649734007121793E-03  0.1840401921605676E-03  0.0000000000000000E+00  0.0000000000000000E+00 -0.4480154835660159E-04
   48   0.0000000000000000E+00  0.4426940300634357E-03  0.1747215806128465E-03  0.0000000000000000E+00  0.0000000000000000E+00 -0.3807666773643779E-04
   49   0.0000000000000000E+00  0.4226869562595288E-03  0.1667901418434805E-03  0.0000000000000000E+00  0.0000000000000000E+00 -0.3180592590022843E-04
   50   0.0000000000000000E+00  0.4046627513004888E-03  0.1600024633564728E-03  0.0000000000000000E+00  0.0000000000000000E+00 -0.2603177743793484E-04
   51   0.0000000000000000E+00  0.3883257257685345E-03  0.1541263643381851E-03  0.0000000000000000E+00  0.0000000000000000E+00 -0.2077895739771425E-04
   52   0.0000000000000000E+00  0.3733890003839242E-03  0.1489500171505177E-03  0.0000000000000000E+00  0.0000000000000000E+00 -0.1605558197363003E-04
   53   0.0000000000000000E+00  0.3595866551415553E-03  0.1442887696210778E-03  0.0000000000000000E+00  0.0000000000000000E+00 -0.1185475736178175E-04
   54   0.0000000000000000E+00  0.3466834488049409E-03  0.1399899013700223E-03  0.0000000000000000E+00  0.0000000000000000E+00 -0.8156631882930135E-05
   55   0.0000000000000000E+00  0.3344816060919700E-03  0.1359351652286827E-03  0.0000000000000000E+00  0.0000000000000000E+00 -0.4930741135824797E-05
   56   0.0000000000000000E+00  0.3228244891904436E-03  0.1320411052339002E-03  0.0000000000000000E+00  0.0000000000000000E+00 -0.2138521567261337E-05
   57   0.0000000000000000E+00  0.3115974041615457E-03  0.1282573469485002E-03  0.0000000000000000E+00  0.0000000000000000E+00  0.2641237696534942E-06
   58   0.0000000000000000E+00  0.3007256683453358E-03  0.1245630491763585E-03  0.0000000000000000E+00  0.0000000000000000E+00  0.2324328322664632E-05
   59   0.0000000000000000E+00  0.2901702723885863E-03  0.1209618372224468E-03  0.0000000000000000E+00  0.0000000000000000E+00  0.4089939897743383E-05
   60   0.0000000000000000E+00  0.2799216959166712E-03  0.1174756726714287E-03  0.0000000000000000E+00  0.0000000000000000E+00  0.5607463786139089E-05
   61   0.0000000000000000E+00  0.2699922093742785E-03  0.1141380447470798E-03  0.0000000000000000E+00  0.0000000000000000E+00  0.6920335465984034E-05
   62   0.0000000000000000E+00  0.2604077780496458E-03  0.1109871954813571E-03  0.0000000000000000E+00  0.0000000000000000E+00  0.8067573875288860E-05
   63   0.0000000000000000E+00  0.2512000901908412E-03  0.1080598205967250E-03  0.0000000000000000E+00  0.0000000000000000E+00  0.9082839905482466E-05
   64   0.0000000000000000E+00  0.2423992378860999E-03  0.1053856393667045E-03  0.0000000000000000E+00  0.0000000000000000E+00  0.9993896295304178E-05
   65   0.0000000000000000E+00  0.2340277001212051E-03  0.1029832151988600E-03  0.0000000000000000E+00  0.0000000000000000E+00  0.1082245123166490E-04
   66   0.0000000000000000E+00  0.2260959365276914E-03  0.1008571983910375E-03  0.0000000000000000E+00  0.0000000000000000E+00  0.1158434645757583E-04
   67   0.0000000000000000E+00  0.2185997553913065E-03  0.9899703988388539E-04  0.0000000000000000E+00  0.0000000000000000E+00  0.1229003643699192E-04
   68   0.0000000000000000E+00  0.2115194941798264E-03  0.9737712522202296E-04  0.0000000000000000E+00  0.0000000000000000E+00  0.1294529718502332E-04
   69   0.0000000000000000E+00  0.2048206904954389E-03  0.9595808603993674E-04  0.0000000000000000E+00  0.0000000000000000E+00  0.1355208431743055E-04
   70   0.0000000000000000E+00  0.1984562509878812E-03  0.9468918055235811E-04  0.0000000000000000E+00  0.0000000000000000E+00  0.1410948181261803E-04
   71   0.0000000000000000E+00  0.1923697113618880E-03  0.9351144855389046E-04  0.0000000000000000E+00  0.0000000000000000E+00  0.1461466901438240E-04
   72   0.0000000000000000E+00  0.1864991600460328E-03  0.9236133512924147E-04  0.0000000000000000E+00  0.0000000000000000E+00  0.1506383695481686E-04
   73   0.0000000000000000E+00  0.1807815695183796E-03  0.9117456341103268E-04  0.0000000000000000E+00  0.0000000000000000E+00  0.1545300687446516E-04
   74   0.0000000000000000E+00  0.1751571690520819E-03  0.8988999198730809E-04  0.0000000000000000E+00  0.0000000000000000E+00  0.1577870895214316E-04
   75   0.0000000000000000E+00  0.1695735349883844E-03  0.8845321657211265E-04  0.0000000000000000E+00  0.0000000000000000E+00  0.1603849409290914E-04
   76   0.0000000000000000E+00  0.1639891340464080E-03  0.8681970974511025E-04  0.0000000000000000E+00  0.0000000000000000E+00  0.1623126851696734E-04
   77   0.0000000000000000E+00  0.1583759521828756E-03  0.8495724283160028E-04  0.0000000000000000E+00  0.0000000000000000E+00  0.1635744034665797E-04
   78   0.0000000000000000E+00  0.1527211813546024E-03  0.8284751909308761E-04  0.0000000000000000E+00  0.0000000000000000E+00  0.1641890585534852E-04
   79   0.0000000000000000E+00  0.1470277918932789E-03  0.8048688936025974E-04  0.0000000000000000E+00  0.0000000000000000E+00  0.1641889444524887E-04
   80   0.0000000000000000E+00  0.1413138975597434E-03  0.7788607890294610E-04  0.0000000000000000E+00  0.0000000000000000E+00  0.1636169616095990E-04
   81   0.0000000000000000E+00  0.1356110490451842E-03  0.7506900124462574E-04  0.0000000000000000E+00  0.0000000000000000E+00  0.1625231438045980E-04
   82   0.0000000000000000E+00  0.1299616009284819E-03  0.7207076677800598E-04  0.0000000000000000E+00  0.0000000000000000E+00  0.1609608040242565E-04
   83   0.0000000000000000E+00  0.1244153905111205E-03  0.6893506903297293E-04  0.0000000000000000E+00  0.0000000000000000E+00  0.1589826749506780E-04
   84   0.0000000000000000E+00  0.1190260363368091E-03  0.6571118898486406E-04  0.0000000000000000E+00  0.0000000000000000E+00  0.1566374104273384E-04
   85   0.0000000000000000E+00  0.1138470903207437E-03  0.6245082831219071E-04  0.0000000000000000E+00  0.0000000000000000E+00  0.1539666387811324E-04
   86   0.0000000000000000E+00  0.1089284404923707E-03  0.5920507535225500E-04  0.0000000000000000E+00  0.0000000000000000E+00  0.1510029113904928E-04
   87   0.0000000000000000E+00  0.1043131813366579E-03  0.5602169991228533E-04  0.0000000000000000E+00  0.0000000000000000E+00  0.1477686429755001E-04
   88   0.0000000000000000E+00  0.1000350935646394E-03  0.5294291706416793E-04  0.0000000000000000E+00  0.0000000000000000E+00  0.1442760253378677E-04
   89   0.0000000000000000E+00  0.9611689340113104E-04  0.5000375008993997E-04  0.0000000000000000E+00  0.0000000000000000E+00  0.1405279348467958E-04
   90   0.0000000000000000E+00  0.9256928440024518E-04  0.4723103051617375E-04  0.0000000000000000E+00  0.0000000000000000E+00  0.1365197055977725E-04
   91   0.0000000000000000E+00  0.8939079348954628E-04  0.4464302389559684E-04  0.0000000000000000E+00  0.0000000000000000E+00  0.1322415917479093E-04
   92   0.0000000000000000E+00  0.8656833573605879E-04  0.4224963095748427E-04  0.0000000000000000E+00  0.0000000000000000E+00  0.1276817142175351E-04
   93   0.0000000000000000E+00  0.8407835865880292E-04  0.4005305227426320E-04  0.0000000000000000E+00  0.0000000000000000E+00  0.1228291725446809E-04
   94   0.0000000000000000E+00  0.8188850580149368E-04  0.3804884044325464E-04  0.0000000000000000E+00  0.0000000000000000E+00  0.1176771601476370E-04
   95   0.0000000000000000E+00  0.7995964723773437E-04  0.3622721215633303E-04  0.0000000000000000E+00  0.0000000000000000E+00  0.1122258127621074E-04
   96   0.0000000000000000E+00  0.7824810550146000E-04  0.3457448673200609E-04  0.0000000000000000E+00  0.0000000000000000E+00  0.1064845269131797E-04
   97   0.0000000000000000E+00  0.7670796926761228E-04  0.3307455360392358E-04  0.0000000000000000E+00  0.0000000000000000E+00  0.1004736217692776E-04
   98   0.0000000000000000E+00  0.7529335532073179E-04  0.3171026390995786E-04  0.0000000000000000E+00  0.0000000000000000E+00  0.9422521660282444E-05
   99   0.0000000000000000E+00  0.7396049630614527E-04  0.3046466013382097E-04  0.0000000000000000E+00  0.0000000000000000E+00  0.8778326681774913E-05
  100   0.0000000000000000E+00  0.7266955527259344E-04  0.2932198007863453E-04  0.0000000000000000E+00  0.0000000000000000E+00  0.8120277258324686E-05
  101   0.0000000000000000E+00  0.7138604468322099E-04  0.2826837536295863E-04  0.0000000000000000E+00  0.0000000000000000E+00  0.7454818117074499E-05
  102   0.0000000000000000E+00  0.7008183451607951E-04  0.2729234198025565E-04  0.0000000000000000E+00  0.0000000000000000E+00  0.6789115344270043E-05
  103   0.0000000000000000E+00  0.6873571006830568E-04  0.2638486111801763E-04  0.0000000000000000E+00  0.0000000000000000E+00  0.6130782953622203E-05
  104   0.0000000000000000E+00  0.6733345700668673E-04  0.2553926629285013E-04  0.0000000000000000E+00  0.0000000000000000E+00  0.5487574759562005E-05
  105   0.0000000000000000E+00  0.6586753496216839E-04  0.2475089299914009E-04  0.0000000000000000E+00  0.0000000000000000E+00  0.4867063748474940E-05
  106   0.0000000000000000E+00  0.6433640121612863E-04  0.2401657027348140E-04  0.0000000000000000E+00  0.0000000000000000E+00  0.4276327816777834E-05
  107   0.0000000000000000E+00  0.6274357333533856E-04  0.2333402429495818E-04  0.0000000000000000E+00  0.0000000000000000E+00  0.3721660102633869E-05
  108   0.0000000000000000E+00  0.6109653793707666E-04  0.2270126782058047E-04  0.0000000000000000E+00  0.0000000000000000E+00  0.3208320011299439E-05
  109   0.0000000000000000E+00  0.5940558048575739E-04  0.2211603136581922E-04  0.0000000000000000E+00  0.0000000000000000E+00  0.2740335779286579E-05
  110   0.0000000000000000E+00  0.5768266405724776E-04  0.2157530392846155E-04  0.0000000000000000E+00  0.0000000000000000E+00  0.2320369279297297E-05
  111   0.0000000000000000E+00  0.5594042666967910E-04  0.2107502062349896E-04  0.0000000000000000E+00  0.0000000000000000E+00  0.1949646268382065E-05
  112   0.0000000000000000E+00  0.5419133145372697E-04  0.2060991269030802E-04  0.0000000000000000E+00  0.0000000000000000E+00  0.1627951123614025E-05
  113   0.0000000000000000E+00  0.5244702083812480E-04  0.2017353314716380E-04  0.0000000000000000E+00  0.0000000000000000E+00  0.1353683130305413E-05
  114   0.0000000000000000E+00  0.5071788095517133E-04  0.1975844708850371E-04  0.0000000000000000E+00  0.0000000000000000E+00  0.1123966855850497E-05
  115   0.0000000000000000E+00  0.4901280758684908E-04  0.1935656354137577E-04  0.0000000000000000E+00  0.0000000000000000E+00  0.9348069217787633E-06
  116   0.0000000000000000E+00  0.4733915440415383E-04  0.1895957663205186E-04  0.0000000000000000E+00  0.0000000000000000E+00  0.7812759801606341E-06
  117   0.0000000000000000E+00  0.4570280973166426E-04  0.1855946634943516E-04  0.0000000000000000E+00  0.0000000000000000E+00  0.6577236328117183E-06
  118   0.0000000000000000E+00  0.4410838575732585E-04  0.1814902167430330E-04  0.0000000000000000E+00  0.0000000000000000E+00  0.5579951585916663E-06
  119   0.0000000000000000E+00  0.4255947284074198E-04  0.1772233652186703E-04  0.0000000000000000E+00  0.0000000000000000E+00  0.4756492134646786E-06
  120   0.0000000000000000E+00  0.4105890305984202E-04  0.1727522685380178E-04  0.0000000000000000E+00  0.0000000000000000E+00  0.4041654058823153E-06
  121   0.0000000000000000E+00  0.3960900164407169E-04  0.1680553548523861E-04  0.0000000000000000E+00  0.0000000000000000E+00  0.3371351830679772E-06
  122   0.0000000000000000E+00  0.3821179632223568E-04  0.1631329443383137E-04  0.0000000000000000E+00  0.0000000000000000E+00  0.2684315058094474E-06
  123   0.0000000000000000E+00  0.3686916733731020E-04  0.1580072863147735E-04  0.0000000000000000E+00  0.0000000000000000E+00  0.1923551612132104E-06
  124   0.0000000000000000E+00  0.3558293420633841E-04  0.1527210060587248E-04  0.0000000000000000E+00  0.0000000000000000E+00  0.1037576555951695E-06
  125   0.0000000000000000E+00  0.3435486847100914E-04  0.1473340331906432E-04  0.0000000000000000E+00  0.0000000000000000E+00 -0.1857765249663037E-08
  126   0.0000000000000000E+00  0.3318665973472693E-04  0.1419193447883555E-04  0.0000000000000000E+00  0.0000000000000000E+00 -0.1282540598830606E-06
  127   0.0000000000000000E+00  0.3207984827104611E-04  0.1365578760730169E-04  0.0000000000000000E+00  0.0000000000000000E+00 -0.2783940630954724E-06
  128   0.0000000000000000E+00  0.3103573246016268E-04  0.1313329814308273E-04  0.0000000000000000E+00  0.0000000000000000E+00 -0.4543866013175879E-06
  129   0.0000000000000000E+00  0.3005528031685921E-04  0.1263249387659955E-04  0.0000000000000000E+00  0.0000000000000000E+00 -0.6574423195204883E-06
  130   0.0000000000000000E+00  0.2913906045911697E-04  0.1216059175116478E-04  0.0000000000000000E+00  0.0000000000000000E+00 -0.8878375821242164E-06
  131   0.0000000000000000E+00  0.2828720584425138E-04  0.1172357802630993E-04  0.0000000000000000E+00  0.0000000000000000E+00 -0.1144886148493117E-05
  132   0.0000000000000000E+00  0.2749942027046576E-04  0.1132590097611623E-04  0.0000000000000000E+00  0.0000000000000000E+00 -0.1426919927363142E-05
  133   0.0000000000000000E+00  0.2677501969020761E-04  0.1097029005662623E-04  0.0000000000000000E+00  0.0000000000000000E+00 -0.1731281029470195E-05
  134   0.0000000000000000E+00  0.2611301527426849E-04  0.1065771328561458E-04  0.0000000000000000E+00  0.0000000000000000E+00 -0.2054329226604836E-05
  135   0.0000000000000000E+00  0.2551222634156178E-04  0.1038746837707723E-04  0.0000000000000000E+00  0.0000000000000000E+00 -0.2391469650506296E-05
  136   0.0000000000000000E+00  0.2497140044830448E-04  0.1015739108309871E-04  0.0000000000000000E+00  0.0000000000000000E+00 -0.2737205052612724E-05
  137   0.0000000000000000E+00  0.2448933072537427E-04  0.9964162546705745E-05  0.0000000000000000E+00  0.0000000000000000E+00 -0.3085217494109353E-05
  138   0.0000000000000000E+00  0.2406495140575405E-04  0.9803687841971709E-05  0.0000000000000000E+00  0.0000000000000000E+00 -0.3428483000798501E-05
  139   0.0000000000000000E+00  0.2369739539625600E-04  0.9671514406936590E-05  0.0000000000000000E+00  0.0000000000000000E+00 -0.3759421254041778E-05
  140   0.0000000000000000E+00  0.2338600271543900E-04  0.9563257779383852E-05  0.0000000000000000E+00  0.0000000000000000E+00 -0.4070080690839927E-05
  141   0.0000000000000000E+00  0.2313026419094779E-04  0.9474998460206481E-05  0.0000000000000000E+00  0.0000000000000000E+00 -0.4352355502546926E-05
  142   0.0000000000000000E+00  0.2292970682582760E-04  0.9403622706388554E-05  0.0000000000000000E+00  0.0000000000000000E+00 -0.4598230885082716E-05
  143   0.0000000000000000E+00  0.2278372411196909E-04  0.9347080761179091E-05  0.0000000000000000E+00  0.0000000000000000E+00 -0.4800049312350889E-05
  144   0.0000000000000000E+00  0.2269135500731466E-04  0.9304540140384305E-05  0.0000000000000000E+00  0.0000000000000000E+00 -0.4950786719729261E-05
  145   0.0000000000000000E+00  0.2265103367317706E-04  0.9276424939907092E-05  0.0000000000000000E+00  0.0000000000000000E+00 -0.5044327877368594E-05
  146   0.0000000000000000E+00  0.2266032991897236E-04  0.9264338561731371E-05  0.0000000000000000E+00  0.0000000000000000E+00 -0.5075727824045568E-05
  147   0.0000000000000000E+00  0.2271570438380577E-04  0.9270877112321697E-05  0.0000000000000000E+00  0.0000000000000000E+00 -0.5041445912704992E-05
  148   0.0000000000000000E+00  0.2281230482079399E-04  0.9299350000858062E-05  0.0000000000000000E+00  0.0000000000000000E+00 -0.4939539703977903E-05
  149   0.0000000000000000E+00  0.2294382007254866E-04  0.9353427950300621E-05  0.0000000000000000E+00  0.0000000000000000E+00 -0.4769805309269228E-05
  150   0.0000000000000000E+00  0.2310241892406096E-04  0.9436749303653580E-05  0.0000000000000000E+00  0.0000000000000000E+00 -0.4533856056548399E-05
  151   0.0000000000000000E+00  0.2327878782316821E-04  0.9552514645470799E-05  0.0000000000000000E+00  0.0000000000000000E+00 -0.4235132173164898E-05
  152   0.0000000000000000E+00  0.2346226865769011E-04  0.9703097084783274E-05  0.0000000000000000E+00  0.0000000000000000E+00 -0.3878836252810302E-05
  153   0.0000000000000000E+00  0.2364110250745866E-04  0.9889698028135911E-05  0.0000000000000000E+00  0.0000000000000000E+00 -0.3471795572391652E-05
  154   0.0000000000000000E+00  0.2380277196839747E-04  0.1011207169196702E-04  0.0000000000000000E+00  0.0000000000000000E+00 -0.3022254866127259E-05
  155   0.0000000000000000E+00  0.2393442906501263E-04  0.1036833683520158E-04  0.0000000000000000E+00  0.0000000000000000E+00 -0.2539607273495413E-05
  156   0.0000000000000000E+00  0.2402339127211812E-04  0.1065488895842354E-04  0.0000000000000000E+00  0.0000000000000000E+00 -0.2034074836992628E-05
  157   0.0000000000000000E+00  0.2405767470563602E-04  0.1096641638408467E-04  0.0000000000000000E+00  0.0000000000000000E+00 -0.1516352078595894E-05
  158   0.0000000000000000E+00  0.2402654334410338E-04  0.1129602329348596E-04  0.0000000000000000E+00  0.0000000000000000E+00 -0.9972300794948374E-06
  159   0.0000000000000000E+00  0.2392104256900302E-04  0.1163545369236440E-04  0.0000000000000000E+00  0.0000000000000000E+00 -0.4872183068677653E-06
  160   0.0000000000000000E+00  0.2373447745552988E-04  0.1197540136258644E-04  0.0000000000000000E+00  0.0000000000000000E+00  0.3818262090929997E-08
  161   0.0000000000000000E+00  0.2346280891205110E-04  0.1230589101052049E-04  0.0000000000000000E+00  0.0000000000000000E+00  0.4669890165314857E-06
  162   0.0000000000000000E+00  0.2310493766221467E-04  0.1261670878517585E-04  0.0000000000000000E+00  0.0000000000000000E+00  0.8946592193532173E-06
  163   0.0000000000000000E+00  0.2266285287612934E-04  0.1289785768258440E-04  0.0000000000000000E+00  0.0000000000000000E+00  0.1280670277087118E-05
  164   0.0000000000000000E+00  0.2214163166241168E-04  0.1314001247960234E-04  0.0000000000000000E+00  0.0000000000000000E+00  0.1620489371693237E-05
  165   0.0000000000000000E+00  0.2154927831027939E-04  0.1333494467812819E-04  0.0000000000000000E+00  0.0000000000000000E+00  0.1911282490863450E-05
  166   0.0000000000000000E+00  0.2089641574232776E-04  0.1347589675327039E-04  0.0000000000000000E+00  0.0000000000000000E+00  0.2151909674998122E-05
  167   0.0000000000000000E+00  0.2019584527376659E-04  0.1355788507945052E-04  0.0000000000000000E+00  0.0000000000000000E+00  0.2342845526461838E-05
  168   0.0000000000000000E+00  0.1946199528880947E-04  0.1357791227077084E-04  0.0000000000000000E+00  0.0000000000000000E+00  0.2486031188536609E-05
  169   0.0000000000000000E+00  0.1871029756344567E-04  0.1353508216365705E-04  0.0000000000000000E+00  0.0000000000000000E+00  0.2584668377038553E-05
  170   0.0000000000000000E+00  0.1795652918057443E-04  0.1343061412112415E-04  0.0000000000000000E+00  0.0000000000000000E+00  0.2642968528198655E-05
  171   0.0000000000000000E+00  0.1721616041808121E-04  0.1326776041458387E-04  0.0000000000000000E+00  0.0000000000000000E+00  0.2665872203207963E-05
  172   0.0000000000000000E+00  0.1650374793367290E-04  0.1305163685947462E-04  0.0000000000000000E+00  0.0000000000000000E+00  0.2658755132240358E-05
  173   0.0000000000000000E+00  0.1583240238708646E-04  0.1278897720462243E-04  0.0000000000000000E+00  0.0000000000000000E+00  0.2627136571964874E-05
  174   0.0000000000000000E+00  0.1521336137081633E-04  0.1248783144047356E-04  0.0000000000000000E+00  0.0000000000000000E+00  0.2576406172372346E-05
  175   0.0000000000000000E+00  0.1465568420260061E-04  0.1215722540572378E-04  0.0000000000000000E+00  0.0000000000000000E+00  0.2511583039383217E-05
  176   0.0000000000000000E+00  0.1416607238331583E-04  0.1180679562578634E-04  0.0000000000000000E+00  0.0000000000000000E+00  0.2437117473339153E-05
  177   0.0000000000000000E+00  0.1374881801693821E-04  0.1144641792607896E-04  0.0000000000000000E+00  0.0000000000000000E+00  0.2356743992356504E-05
  178   0.0000000000000000E+00  0.1340587069622419E-04  0.1108584335439322E-04  0.0000000000000000E+00  0.0000000000000000E+00  0.2273390167761229E-05
  179   0.0000000000000000E+00  0.1313700781192459E-04  0.1073435349991748E-04  0.0000000000000000E+00  0.0000000000000000E+00  0.2189142350460273E-05
  180   0.0000000000000000E+00  0.1294008924965661E-04  0.1040044591427985E-04  0.0000000000000000E+00  0.0000000000000000E+00  0.2105266012404843E-05
  181   0.0000000000000000E+00  0.1281137067589129E-04  0.1009155562633321E-04  0.0000000000000000E+00  0.0000000000000000E+00  0.2022274655363829E-05
  182   0.0000000000000000E+00  0.1274585457128044E-04  0.9813822660037984E-05  0.0000000000000000E+00  0.0000000000000000E+00  0.1940039674281229E-05
  183   0.0000000000000000E+00  0.1273765465742762E-04  0.9571911180765344E-05  0.0000000000000000E+00  0.0000000000000000E+00  0.1857930906166289E-05
  184   0.0000000000000000E+00  0.1278034772217863E-04  0.9368882475705401E-05  0.0000000000000000E+00  0.0000000000000000E+00  0.1774975885684697E-05
  185   0.0000000000000000E+00  0.1286729510667267E-04  0.9206127230786722E-05  0.0000000000000000E+00  0.0000000000000000E+00  0.1690026273073872E-05
  186   0.0000000000000000E+00  0.1299191699818810E-04  0.9083358767997104E-05  0.0000000000000000E+00  0.0000000000000000E+00  0.1601919775385476E-05
  187   0.0000000000000000E+00  0.1314790797751622E-04  0.8998667683559045E-05  0.0000000000000000E+00  0.0000000000000000E+00  0.1509627057326884E-05
  188   0.0000000000000000E+00  0.1332938835207075E-04  0.8948636861045142E-05  0.0000000000000000E+00  0.0000000000000000E+00  0.1412374928662981E-05
  189   0.0000000000000000E+00  0.1353098779718924E-04  0.8928511255381490E-05  0.0000000000000000E+00  0.0000000000000000E+00  0.1309738892774734E-05
  190   0.0000000000000000E+00  0.1374786914943380E-04  0.8932418788563158E-05  0.0000000000000000E+00  0.0000000000000000E+00  0.1201701381597636E-05
  191   0.0000000000000000E+00  0.1397570193182868E-04  0.8953634443949727E-05  0.0000000000000000E+00  0.0000000000000000E+00  0.1088674181330500E-05
  192   0.0000000000000000E+00  0.1421059532188625E-04  0.8984875698885331E-05  0.0000000000000000E+00  0.0000000000000000E+00  0.9714858682358452E-06
  193   0.0000000000000000E+00  0.1444900810362733E-04  0.9018619775048036E-05  0.0000000000000000E+00  0.0000000000000000E+00  0.8513379948905905E-06
  194   0.0000000000000000E+00  0.1468765101667813E-04  0.9047430336869470E-05  0.0000000000000000E+00  0.0000000000000000E+00  0.7297354112646872E-06
  195   0.0000000000000000E+00  0.1492339672370649E-04  0.9064281210612761E-05  0.0000000000000000E+00  0.0000000000000000E+00  0.6083976287937527E-06
  196   0.0000000000000000E+00  0.1515321129469005E-04  0.9062865134533554E-05  0.0000000000000000E+00  0.0000000000000000E+00  0.4891590406360981E-06
  197   0.0000000000000000E+00  0.1537411405060701E-04  0.9037873530855631E-05  0.0000000000000000E+00  0.0000000000000000E+00  0.3738659325437704E-06
  198   0.0000000000000000E+00  0.1558317504254153E-04  0.8985237828239576E-05  0.0000000000000000E+00  0.0000000000000000E+00  0.2642781812291759E-06
  199   0.0000000000000000E+00  0.1577755192608449E-04  0.8902321684401099E-05  0.0000000000000000E+00  0.0000000000000000E+00  0.1619823950937798E-06
  200   0.0000000000000000E+00  0.1595455965169926E-04  0.8788052397291953E-05  0.0000000000000000E+00  0.0000000000000000E+00  0.6832189254361201E-07
  201   0.0000000000000000E+00  0.1611176838769731E-04  0.8642984984339151E-05  0.0000000000000000E+00  0.0000000000000000E+00 -0.1565259468708077E-07
  202   0.0000000000000000E+00  0.1624711851130665E-04  0.8469292578934212E-05  0.0000000000000000E+00  0.0000000000000000E+00 -0.8920959955314162E-07
  203   0.0000000000000000E+00  0.1635903965844727E-04  0.8270679843447865E-05  0.0000000000000000E+00  0.0000000000000000E+00 -0.1519409860353911E-06
  204   0.0000000000000000E+00  0.1644656044096692E-04  0.8052219845098269E-05  0.0000000000000000E+00  0.0000000000000000E+00 -0.2037452435183170E-06
  205   0.0000000000000000E+00  0.1650939155628651E-04  0.7820116738266123E-05  0.0000000000000000E+00  0.0000000000000000E+00 -0.2447933898517909E-06
  206   0.0000000000000000E+00  0.1654797335327394E-04  0.7581404407355043E-05  0.0000000000000000E+00  0.0000000000000000E+00 -0.2754821483059295E-06
  207   0.0000000000000000E+00  0.1656347843132095E-04  0.7343593643660744E-05  0.0000000000000000E+00  0.0000000000000000E+00 -0.2963798760580198E-06
  208   0.0000000000000000E+00  0.1655775979410883E-04  0.7114282721208528E-05  0.0000000000000000E+00  0.0000000000000000E+00 -0.3081709378824302E-06
  209   0.0000000000000000E+00  0.1653324614657516E-04  0.6900752593435601E-05  0.0000000000000000E+00  0.0000000000000000E+00 -0.3116041260789444E-06
  210   0.0000000000000000E+00  0.1649278758622263E-04  0.6709568391685371E-05  0.0000000000000000E+00  0.0000000000000000E+00 -0.3074500382093475E-06
  211   0.0000000000000000E+00  0.1643946037243511E-04  0.6546209890468844E-05  0.0000000000000000E+00  0.0000000000000000E+00 -0.2964712713707230E-06
  212   0.0000000000000000E+00  0.1637634439998474E-04  0.6414752998616345E-05  0.0000000000000000E+00  0.0000000000000000E+00 -0.2794079318474507E-06
  213   0.0000000000000000E+00  0.1630628624713715E-04  0.6317620357418756E-05  0.0000000000000000E+00  0.0000000000000000E+00 -0.2569793160573625E-06
  214   0.0000000000000000E+00  0.1623166894725581E-04  0.6255417942727052E-05  0.0000000000000000E+00  0.0000000000000000E+00 -0.2299010968371681E-06
  215   0.0000000000000000E+00  0.1615420662360216E-04  0.6226868356909663E-05  0.0000000000000000E+00  0.0000000000000000E+00 -0.1989156876714972E-06
  216   0.0000000000000000E+00  0.1607477717294949E-04  0.6228844692852621E-05  0.0000000000000000E+00  0.0000000000000000E+00 -0.1648320040342454E-06
  217   0.0000000000000000E+00  0.1599330978961898E-04  0.6256505569127636E-05  0.0000000000000000E+00  0.0000000000000000E+00 -0.1285698440578235E-06
  218   0.0000000000000000E+00  0.1590873735915805E-04  0.6303525167087586E-05  0.0000000000000000E+00  0.0000000000000000E+00 -0.9120334188245659E-07
  219   0.0000000000000000E+00  0.1581902002044303E-04  0.6362407245413689E-05  0.0000000000000000E+00  0.0000000000000000E+00 -0.5399769522317306E-07
  220   0.0000000000000000E+00  0.1572124212700981E-04  0.6424867920507830E-05  0.0000000000000000E+00  0.0000000000000000E+00 -0.1843358377370959E-07
  221   0.0000000000000000E+00  0.1561177634968787E-04  0.6482266836330246E-05  0.0000000000000000E+00  0.0000000000000000E+00  0.1378563012867705E-07
  222   0.0000000000000000E+00  0.1548650987998727E-04  0.6526065868805324E-05  0.0000000000000000E+00  0.0000000000000000E+00  0.4074768623919515E-07
  223   0.0000000000000000E+00  0.1534112027011812E-04  0.6548291480604289E-05  0.0000000000000000E+00  0.0000000000000000E+00  0.6036854051259598E-07
  224   0.0000000000000000E+00  0.1517138124446240E-04  0.6541974523044890E-05  0.0000000000000000E+00  0.0000000000000000E+00  0.7045340807160977E-07
  225   0.0000000000000000E+00  0.1497348171529319E-04  0.6501544021079651E-05  0.0000000000000000E+00  0.0000000000000000E+00  0.6878047769497937E-07
  226   0.0000000000000000E+00  0.1474433668486719E-04  0.6423152031764183E-05  0.0000000000000000E+00  0.0000000000000000E+00  0.5320418559632212E-07
  227   0.0000000000000000E+00  0.1448186909458284E-04  0.6304910070167753E-05  0.0000000000000000E+00  0.0000000000000000E+00  0.2177319990559169E-07
  228   0.0000000000000000E+00  0.1418524360818364E-04  0.6147022417160407E-05  0.0000000000000000E+00  0.0000000000000000E+00 -0.2714321580385620E-07
  229   0.0000000000000000E+00  0.1385503299969704E-04  0.5951806019166327E-05  0.0000000000000000E+00  0.0000000000000000E+00 -0.9472791435731170E-07
  230   0.0000000000000000E+00  0.1349330726821539E-04  0.5723595642335211E-05  0.0000000000000000E+00  0.0000000000000000E+00 -0.1815957470770853E-06
  231   0.0000000000000000E+00  0.1310363794830440E-04  0.5468538704903646E-05  0.0000000000000000E+00  0.0000000000000000E+00 -0.2876889163571471E-06
  232   0.0000000000000000E+00  0.1269101289739750E-04  0.5194289797648653E-05  0.0000000000000000E+00  0.0000000000000000E+00 -0.4121956860661565E-06
  233   0.0000000000000000E+00  0.1226166763741722E-04  0.4909623158412919E-05  0.0000000000000000E+00  0.0000000000000000E+00 -0.5534994409435314E-06
  234   0.0000000000000000E+00  0.1182284220667769E-04  0.4623985114290949E-05  0.0000000000000000E+00  0.0000000000000000E+00 -0.7091636962332864E-06
  235   0.0000000000000000E+00  0.1138247762536176E-04  0.4347011998342639E-05  0.0000000000000000E+00  0.0000000000000000E+00 -0.8759568559247456E-06
  236   0.0000000000000000E+00  0.1094887004085795E-04  0.4088040711857838E-05  0.0000000000000000E+00  0.0000000000000000E+00 -0.1049918451970023E-05
  237   0.0000000000000000E+00  0.1053030042642993E-04  0.3855637922805950E-05  0.0000000000000000E+00  0.0000000000000000E+00 -0.1226466106342904E-05
  238   0.0000000000000000E+00  0.1013466250682552E-04  0.3657173543198795E-05  0.0000000000000000E+00  0.0000000000000000E+00 -0.1400540365041395E-05
  239   0.0000000000000000E+00  0.9769108777235204E-05  0.3498459952435503E-05  0.0000000000000000E+00  0.0000000000000000E+00 -0.1566782292492022E-05
  240   0.0000000000000000E+00  0.9439730746255851E-05  0.3383473524777756E-05  0.0000000000000000E+00  0.0000000000000000E+00 -0.1719736329946798E-05
  241   0.0000000000000000E+00  0.9151290630077556E-05  0.3314171523728083E-05  0.0000000000000000E+00  0.0000000000000000E+00 -0.1854069609947351E-05
  242   0.0000000000000000E+00  0.8907016592214522E-05  0.3290411537061245E-05  0.0000000000000000E+00  0.0000000000000000E+00 -0.1964797519538637E-05
  243   0.0000000000000000E+00  0.8708470411610613E-05  0.3309975551237348E-05  0.0000000000000000E+00  0.0000000000000000E+00 -0.2047504637265121E-05
  244   0.0000000000000000E+00  0.8555492994480426E-05  0.3368695804339922E-05  0.0000000000000000E+00  0.0000000000000000E+00 -0.2098550141975427E-05
  245   0.0000000000000000E+00  0.8446227528091664E-05  0.3460674072624645E-05  0.0000000000000000E+00  0.0000000000000000E+00 -0.2115246862556979E-05
  246   0.0000000000000000E+00  0.8377219130609457E-05  0.3578582700208256E-05  0.0000000000000000E+00  0.0000000000000000E+00 -0.2096004881619873E-05
  247   0.0000000000000000E+00  0.8343584665217730E-05  0.3714031353293628E-05  0.0000000000000000E+00  0.0000000000000000E+00 -0.2040431910217890E-05
  248   0.0000000000000000E+00  0.8339241310387255E-05  0.3857979614570494E-05  0.0000000000000000E+00  0.0000000000000000E+00 -0.1949384190482076E-05
  249   0.0000000000000000E+00  0.8357182357599812E-05  0.4001174440238308E-05  0.0000000000000000E+00  0.0000000000000000E+00 -0.1824964752103188E-05
  250   0.0000000000000000E+00  0.8389785022713735E-05  0.4134589858484011E-05  0.0000000000000000E+00  0.0000000000000000E+00 -0.1670468062700410E-05
  251   0.0000000000000000E+00  0.8429133981180446E-05  0.4249846575918155E-05  0.0000000000000000E+00  0.0000000000000000E+00 -0.1490272818732656E-05
  252   0.0000000000000000E+00  0.8467344306532582E-05  0.4339590821381357E-05  0.0000000000000000E+00  0.0000000000000000E+00 -0.1289687241778423E-05
  253   0.0000000000000000E+00  0.8496866557755380E-05  0.4397813670803606E-05  0.0000000000000000E+00  0.0000000000000000E+00 -0.1074753326667635E-05
  254   0.0000000000000000E+00  0.8510761168111681E-05  0.4420097250478702E-05  0.0000000000000000E+00  0.0000000000000000E+00 -0.8520190437401239E-06
  255   0.0000000000000000E+00  0.8502930633544720E-05  0.4403778203273254E-05  0.0000000000000000E+00  0.0000000000000000E+00 -0.6282886941892861E-06
  256   0.0000000000000000E+00  0.8468299453278564E-05  0.4348022776692863E-05  0.0000000000000000E+00  0.0000000000000000E+00 -0.4103625338859758E-06
  257   0.0000000000000000E+00  0.8402938058442022E-05  0.4253814207520257E-05  0.0000000000000000E+00  0.0000000000000000E+00 -0.2047776531840011E-06
  258   0.0000000000000000E+00  0.8304129198777272E-05  0.4123856889816527E-05  0.0000000000000000E+00  0.0000000000000000E+00 -0.1756175171613538E-07
  259   0.0000000000000000E+00  0.8170378899938800E-05  0.3962405782816339E-05  0.0000000000000000E+00  0.0000000000000000E+00  0.1459892099908483E-06
  260   0.0000000000000000E+00  0.8001377308695711E-05  0.3775032630474232E-05  0.0000000000000000E+00  0.0000000000000000E+00  0.2814997581815338E-06
  261   0.0000000000000000E+00  0.7797915485214472E-05  0.3568341873983422E-05  0.0000000000000000E+00  0.0000000000000000E+00  0.3856620094174179E-06
  262   0.0000000000000000E+00  0.7561768309558222E-05  0.3349651556300772E-05  0.0000000000000000E+00  0.0000000000000000E+00  0.4563352054474726E-06
  263   0.0000000000000000E+00  0.7295553189544980E-05  0.3126654168005969E-05  0.0000000000000000E+00  0.0000000000000000E+00  0.4925941933451360E-06
  264   0.0000000000000000E+00  0.7002572889251422E-05  0.2907071459728090E-05  0.0000000000000000E+00  0.0000000000000000E+00  0.4947257100254875E-06
  265   0.0000000000000000E+00  0.6686652872308750E-05  0.2698317653297250E-05  0.0000000000000000E+00  0.0000000000000000E+00  0.4641739460362462E-06
  266   0.0000000000000000E+00  0.6351981422710129E-05  0.2507183762242020E-05  0.0000000000000000E+00  0.0000000000000000E+00  0.4034392094292288E-06
  267   0.0000000000000000E+00  0.6002959898865502E-05  0.2339554488493030E-05  0.0000000000000000E+00  0.0000000000000000E+00  0.3159356563026991E-06
  268   0.0000000000000000E+00  0.5644069303919174E-05  0.2200167658366166E-05  0.0000000000000000E+00  0.0000000000000000E+00  0.2058158573563762E-06
  269   0.0000000000000000E+00  0.5279756781082540E-05  0.2092423966094154E-05  0.0000000000000000E+00  0.0000000000000000E+00  0.7777128280521337E-07
  270   0.0000000000000000E+00  0.4914345909907350E-05  0.2018253522733478E-05  0.0000000000000000E+00  0.0000000000000000E+00 -0.6318121074992423E-07
  271   0.0000000000000000E+00  0.4551971970803200E-05  0.1978043117833937E-05  0.0000000000000000E+00  0.0000000000000000E+00 -0.2119165806355642E-06
  272   0.0000000000000000E+00  0.4196540859940831E-05  0.1970625454838362E-05  0.0000000000000000E+00  0.0000000000000000E+00 -0.3634123259960495E-06
  273   0.0000000000000000E+00  0.3851710487622347E-05  0.1993329889150358E-05  0.0000000000000000E+00  0.0000000000000000E+00 -0.5129432029431156E-06
  274   0.0000000000000000E+00  0.3520891247751758E-05  0.2042091535781292E-05  0.0000000000000000E+00  0.0000000000000000E+00 -0.6562515573029727E-06
  275   0.0000000000000000E+00  0.3207261205548525E-05  0.2111613550214482E-05  0.0000000000000000E+00  0.0000000000000000E+00 -0.7896864069983163E-06
  276   0.0000000000000000E+00  0.2913790924627414E-05  0.2195575633286166E-05  0.0000000000000000E+00  0.0000000000000000E+00 -0.9103062420714875E-06
  277   0.0000000000000000E+00  0.2643271835206435E-05  0.2286880007827370E-05  0.0000000000000000E+00  0.0000000000000000E+00 -0.1015942359425530E-05
  278   0.0000000000000000E+00  0.2398342919683762E-05  0.2377925708683973E-05  0.0000000000000000E+00  0.0000000000000000E+00 -0.1105221828857271E-05
  279   0.0000000000000000E+00  0.2181510156189103E-05  0.2460901265891195E-05  0.0000000000000000E+00  0.0000000000000000E+00 -0.1177551214980243E-05
  280   0.0000000000000000E+00  0.1995153445934497E-05  0.2528085226870636E-05  0.0000000000000000E+00  0.0000000000000000E+00 -0.1233063841146259E-05
  281   0.0000000000000000E+00  0.1841517590170279E-05  0.2572144754452499E-05  0.0000000000000000E+00  0.0000000000000000E+00 -0.1272535350887629E-05
  282   0.0000000000000000E+00  0.1722684745660793E-05  0.2586422561182093E-05  0.0000000000000000E+00  0.0000000000000000E+00 -0.1297273573093092E-05
  283   0.0000000000000000E+00  0.1640527436253810E-05  0.2565202970672495E-05  0.0000000000000000E+00  0.0000000000000000E+00 -0.1308989735070273E-05
  284   0.0000000000000000E+00  0.1596642958517070E-05  0.2503948523005804E-05  0.0000000000000000E+00  0.0000000000000000E+00 -0.1309658725737840E-05
  285   0.0000000000000000E+00  0.1592271505169352E-05  0.2399498709287220E-05  0.0000000000000000E+00  0.0000000000000000E+00 -0.1301376084620375E-05
  286   0.0000000000000000E+00  0.1628202476249453E-05  0.2250223855919564E-05  0.0000000000000000E+00  0.0000000000000000E+00 -0.1286219540357858E-05
  287   0.0000000000000000E+00  0.1704674730382323E-05  0.2056127689695762E-05  0.0000000000000000E+00  0.0000000000000000E+00 -0.1266122157818415E-05
  288   0.0000000000000000E+00  0.1821277473814671E-05  0.1818892802866294E-05  0.0000000000000000E+00  0.0000000000000000E+00 -0.1242762965361548E-05
  289   0.0000000000000000E+00  0.1976859720410581E-05  0.1541865448295258E-05  0.0000000000000000E+00  0.0000000000000000E+00 -0.1217480101189552E-05
  290   0.0000000000000000E+00  0.2169456307267225E-05  0.1229977616197664E-05  0.0000000000000000E+00  0.0000000000000000E+00 -0.1191209921617126E-05
  291   0.0000000000000000E+00  0.2396238201816231E-05  0.8896067009047006E-06  0.0000000000000000E+00  0.0000000000000000E+00 -0.1164454031359447E-05
  292   0.0000000000000000E+00  0.2653494035870570E-05  0.5283756894547386E-06  0.0000000000000000E+00  0.0000000000000000E+00 -0.1137274689025507E-05
  293   0.0000000000000000E+00  0.2936647944526229E-05  0.1548994507079368E-06  0.0000000000000000E+00  0.0000000000000000E+00 -0.1109317361231541E-05
  294   0.0000000000000000E+00  0.3240317426930041E-05 -0.2215142293786642E-06  0.0000000000000000E+00  0.0000000000000000E+00 -0.1079858154244326E-05
  295   0.0000000000000000E+00  0.3558412540972442E-05 -0.5911980750856915E-06  0.0000000000000000E+00  0.0000000000000000E+00 -0.1047872525388154E-05
  296   0.0000000000000000E+00  0.3884274645698352E-05 -0.9444802927250819E-06  0.0000000000000000E+00  0.0000000000000000E+00 -0.1012120556616314E-05
  297   0.0000000000000000E+00  0.4210851185972496E-05 -0.1272046666269183E-05  0.0000000000000000E+00  0.0000000000000000E+00 -0.9712437401803166E-06
  298   0.0000000000000000E+00  0.4530900366745936E-05 -0.1565294823993162E-05  0.0000000000000000E+00  0.0000000000000000E+00 -0.9238677163544089E-06
  299   0.0000000000000000E+00  0.4837217675183029E-05 -0.1816665849342220E-05  0.0000000000000000E+00  0.0000000000000000E+00 -0.8687053896032072E-06
  300   0.0000000000000000E+00  0.5122874862272079E-05 -0.2019939364228239E-05  0.0000000000000000E+00  0.0000000000000000E+00 -0.8046551154765600E-06
  301   0.0000000000000000E+00  0.5381460219614609E-05 -0.2170479440116388E-05  0.0000000000000000E+00  0.0000000000000000E+00 -0.7308890137590449E-06
  302   0.0000000000000000E+00  0.5607309723246744E-05 -0.2265421165838863E-05  0.0000000000000000E+00  0.0000000000000000E+00 -0.6469274169470212E-06
  303   0.0000000000000000E+00  0.5795718297621233E-05 -0.2303790007409886E-05  0.0000000000000000E+00  0.0000000000000000E+00 -0.5526961982538694E-06
  304   0.0000000000000000E+00  0.5943119914056285E-05 -0.2286548224631099E-05  0.0000000000000000E+00  0.0000000000000000E+00 -0.4485645944652271E-06
  305   0.0000000000000000E+00  0.6047227672758524E-05 -0.2216565942217546E-05  0.0000000000000000E+00  0.0000000000000000E+00 -0.3353623886811058E-06
  306   0.0000000000000000E+00  0.6107125780368017E-05 -0.2098517028556348E-05  0.0000000000000000E+00  0.0000000000000000E+00 -0.2143762304976888E-06
  307   0.0000000000000000E+00  0.6123307342386931E-05 -0.1938702839188621E-05  0.0000000000000000E+00  0.0000000000000000E+00 -0.8732586536191622E-07
  308   0.0000000000000000E+00  0.6097654352140959E-05 -0.1744809781910517E-05  0.0000000000000000E+00  0.0000000000000000E+00  0.4367808932021294E-07
  309   0.0000000000000000E+00  0.6033357945397478E-05 -0.1525609152728432E-05  0.0000000000000000E+00  0.0000000000000000E+00  0.1761924633214802E-06
  310   0.0000000000000000E+00  0.5934781436986736E-05 -0.1290610853142755E-05  0.0000000000000000E+00  0.0000000000000000E+00  0.3075129789790465E-06
  311   0.0000000000000000E+00  0.5807271010631764E-05 -0.1049684607076431E-05  0.0000000000000000E+00  0.0000000000000000E+00  0.4347555644602281E-06
  312   0.0000000000000000E+00  0.5656920880285087E-05 -0.8126639846596709E-06  0.0000000000000000E+00  0.0000000000000000E+00  0.5549440023644296E-06
  313   0.0000000000000000E+00  0.5490304167718902E-05 -0.5889502787372673E-06  0.0000000000000000E+00  0.0000000000000000E+00  0.6651003808260769E-06
  314   0.0000000000000000E+00  0.5314182282281127E-05 -0.3871335351835702E-06  0.0000000000000000E+00  0.0000000000000000E+00  0.7623349555894117E-06
  315   0.0000000000000000E+00  0.5135207440387838E-05 -0.2146476893018903E-06  0.0000000000000000E+00  0.0000000000000000E+00  0.8439323035646743E-06
  316   0.0000000000000000E+00  0.4959633970049696E-05 -0.7747541278675064E-07  0.0000000000000000E+00  0.0000000000000000E+00  0.9074310598846796E-06
  317   0.0000000000000000E+00  0.4793053174845931E-05  0.2008401232058931E-07  0.0000000000000000E+00  0.0000000000000000E+00  0.9506948612436969E-06
  318   0.0000000000000000E+00  0.4640166691400555E-05  0.7557345796487498E-07  0.0000000000000000E+00  0.0000000000000000E+00  0.9719728218982125E-06
  319   0.0000000000000000E+00  0.4504610550138028E-05  0.8845674956026703E-07  0.0000000000000000E+00  0.0000000000000000E+00  0.9699483364652473E-06
  320   0.0000000000000000E+00  0.4388838502392687E-05  0.6011477362535610E-07  0.0000000000000000E+00  0.0000000000000000E+00  0.9437753135588672E-06
  321   0.0000000000000000E+00  0.4294070971540548E-05 -0.6239851311119642E-08  0.0000000000000000E+00  0.0000000000000000E+00  0.8931016553188519E-06
  322   0.0000000000000000E+00  0.4220311526975403E-05 -0.1057245063533295E-06  0.0000000000000000E+00  0.0000000000000000E+00  0.8180800944848850E-06
  323   0.0000000000000000E+00  0.4166429048167121E-05 -0.2320163427570000E-06  0.0000000000000000E+00  0.0000000000000000E+00  0.7193668692523597E-06
  324   0.0000000000000000E+00  0.4130300184169591E-05 -0.3776389751343168E-06  0.0000000000000000E+00  0.0000000000000000E+00  0.5981090088319365E-06
  325   0.0000000000000000E+00  0.4109002827090241E-05 -0.5342928247436230E-06  0.0000000000000000E+00  0.0000000000000000E+00  0.4559211070104813E-06
  326   0.0000000000000000E+00  0.4099049565981157E-05 -0.6932144100643641E-06  0.0000000000000000E+00  0.0000000000000000E+00  0.2948527966827646E-06
  327   0.0000000000000000E+00  0.4096647568816740E-05 -0.8455491383153426E-06  0.0000000000000000E+00  0.0000000000000000E+00  0.1173480681677187E-06
  328   0.0000000000000000E+00  0.4097969334906163E-05 -0.9827218133848657E-06  0.0000000000000000E+00  0.0000000000000000E+00 -0.7380244353306370E-07
  329   0.0000000000000000E+00  0.4099419260246099E-05 -0.1096789541904047E-05  0.0000000000000000E+00  0.0000000000000000E+00 -0.2755149388374265E-06
  330   0.0000000000000000E+00  0.4097880719447152E-05 -0.1180762587414632E-05  0.0000000000000000E+00  0.0000000000000000E+00 -0.4844705538309355E-06
  331   0.0000000000000000E+00  0.4090929578248786E-05 -0.1228880162657584E-05  0.0000000000000000E+00  0.0000000000000000E+00 -0.6971769591688667E-06
  332   0.0000000000000000E+00  0.4077002066297936E-05 -0.1236830138265188E-05  0.0000000000000000E+00  0.0000000000000000E+00 -0.9100324100633371E-06
  333   0.0000000000000000E+00  0.4055506969114474E-05 -0.1201903911829776E-05  0.0000000000000000E+00  0.0000000000000000E+00 -0.1119391137000092E-05
  334   0.0000000000000000E+00  0.4026876240092225E-05 -0.1123080851520919E-05  0.0000000000000000E+00  0.0000000000000000E+00 -0.1321629125822255E-05
  335   0.0000000000000000E+00  0.3992551332202637E-05 -0.1001039823279303E-05  0.0000000000000000E+00  0.0000000000000000E+00 -0.1513209421588631E-05
  336   0.0000000000000000E+00  0.3954905674908832E-05 -0.8380984888452207E-06  0.0000000000000000E+00  0.0000000000000000E+00 -0.1690745857575323E-05
  337   0.0000000000000000E+00  0.3917108474132322E-05 -0.6380847736473771E-06  0.0000000000000000E+00  0.0000000000000000E+00 -0.1851064369871956E-05
  338   0.0000000000000000E+00  0.3882937937482766E-05 -0.4061479273697367E-06  0.0000000000000000E+00  0.0000000000000000E+00 -0.1991260976359980E-05
  339   0.0000000000000000E+00  0.3856555002197042E-05 -0.1485193796651924E-06  0.0000000000000000E+00  0.0000000000000000E+00 -0.2108755538867411E-05
  340   0.0000000000000000E+00  0.3842250882928885E-05  0.1277642734362042E-06  0.0000000000000000E+00  0.0000000000000000E+00 -0.2201340525720506E-05
  341   0.0000000000000000E+00  0.3844182478636804E-05  0.4151624371606565E-06  0.0000000000000000E+00  0.0000000000000000E+00 -0.2267223747085629E-05
  342   0.0000000000000000E+00  0.3866110860512530E-05  0.7059414563093567E-06  0.0000000000000000E+00  0.0000000000000000E+00 -0.2305064564591725E-05
  343   0.0000000000000000E+00  0.3911157103235321E-05  0.9924813313829457E-06  0.0000000000000000E+00  0.0000000000000000E+00 -0.2314003008732354E-05
  344   0.0000000000000000E+00  0.3981587726179883E-05  0.1267565008738536E-05  0.0000000000000000E+00  0.0000000000000000E+00 -0.2293680927549708E-05
  345   0.0000000000000000E+00  0.4078640899439298E-05  0.1524638618577949E-05  0.0000000000000000E+00  0.0000000000000000E+00 -0.2244254940549657E-05
  346   0.0000000000000000E+00  0.4202401608107447E-05  0.1758033005639099E-05  0.0000000000000000E+00  0.0000000000000000E+00 -0.2166400827753996E-05
  347   0.0000000000000000E+00  0.4351731284422307E-05  0.1963139146191331E-05  0.0000000000000000E+00  0.0000000000000000E+00 -0.2061309159466453E-05
  348   0.0000000000000000E+00  0.4524254656312923E-05  0.2136532496391023E-05  0.0000000000000000E+00  0.0000000000000000E+00 -0.1930672152139105E-05
  349   0.0000000000000000E+00  0.4716403133846700E-05  0.2276043465161711E-05  0.0000000000000000E+00  0.0000000000000000E+00 -0.1776661591009093E-05
  350   0.0000000000000000E+00  0.4923512284657149E-05  0.2380773965537641E-05  0.0000000000000000E+00  0.0000000000000000E+00 -0.1601898256669655E-05
  351   0.0000000000000000E+00  0.5139968225619674E-05  0.2451062138909797E-05  0.0000000000000000E+00  0.0000000000000000E+00 -0.1409413137108514E-05
  352   0.0000000000000000E+00  0.5359394889632563E-05  0.2488398967272297E-05  0.0000000000000000E+00  0.0000000000000000E+00 -0.1202600551296174E-05
  353   0.0000000000000000E+00  0.5574873549787443E-05  0.2495302834619950E-05  0.0000000000000000E+00  0.0000000000000000E+00 -0.9851638501195984E-06
  354   0.0000000000000000E+00  0.5779184305150560E-05  0.2475159403956650E-05  0.0000000000000000E+00  0.0000000000000000E+00 -0.7610542094189255E-06
  355   0.0000000000000000E+00  0.5965058724998452E-05  0.2432035441608158E-05  0.0000000000000000E+00  0.0000000000000000E+00 -0.5344031666761168E-06
  356   0.0000000000000000E+00  0.6125432992141052E-05  0.2370476118215161E-05  0.0000000000000000E+00  0.0000000000000000E+00 -0.3094496601380600E-06
  357   0.0000000000000000E+00  0.6253690649700065E-05  0.2295295385673480E-05  0.0000000000000000E+00  0.0000000000000000E+00 -0.9046237926945487E-07
  358   0.0000000000000000E+00  0.6343886383040635E-05  0.2211369459804234E-05  0.0000000000000000E+00  0.0000000000000000E+00  0.1183414844828293E-06
  359   0.0000000000000000E+00  0.6390943349790462E-05  0.2123442586933211E-05  0.0000000000000000E+00  0.0000000000000000E+00  0.3128800204061321E-06
  360   0.0000000000000000E+00  0.6390817359726346E-05  0.2035952847255053E-05  0.0000000000000000E+00  0.0000000000000000E+00  0.4892916301772944E-06
  361   0.0000000000000000E+00  0.6340624617576254E-05  0.1952884806303033E-05  0.0000000000000000E+00  0.0000000000000000E+00  0.6440197880379195E-06
  362   0.0000000000000000E+00  0.6238731005824600E-05  0.1877653753448923E-05  0.0000000000000000E+00  0.0000000000000000E+00  0.7738958675769881E-06
  363   0.0000000000000000E+00  0.6084802803688500E-05  0.1813024350782077E-05  0.0000000000000000E+00  0.0000000000000000E+00  0.8762181726437630E-06
  364   0.0000000000000000E+00  0.5879820364491897E-05  0.1761064556968501E-05  0.0000000000000000E+00  0.0000000000000000E+00  0.9488251623994457E-06
  365   0.0000000000000000E+00  0.5626056578279264E-05  0.1723133562564010E-05  0.0000000000000000E+00  0.0000000000000000E+00  0.9901606061090929E-06
  366   0.0000000000000000E+00  0.5327023877069741E-05  0.1699901171563138E-05  0.0000000000000000E+00  0.0000000000000000E+00  0.9993284925732017E-06
  367   0.0000000000000000E+00  0.4987393118408246E-05  0.1691394510914965E-05  0.0000000000000000E+00  0.0000000000000000E+00  0.9761354652902802E-06
  368   0.0000000000000000E+00  0.4612886735357695E-05  0.1697066703050551E-05  0.0000000000000000E+00  0.0000000000000000E+00  0.9211184445786653E-06
  369   0.0000000000000000E+00  0.4210149520917208E-05  0.1715881915816491E-05  0.0000000000000000E+00  0.0000000000000000E+00  0.8355555016501994E-06
  370   0.0000000000000000E+00  0.3786599324181427E-05  0.1746410779079187E-05  0.0000000000000000E+00  0.0000000000000000E+00  0.7214582398560559E-06
  371   0.0000000000000000E+00  0.3350259728358251E-05  0.1786930330782836E-05  0.0000000000000000E+00  0.0000000000000000E+00  0.5815443750470025E-06
  372   0.0000000000000000E+00  0.2909576698415643E-05  0.1835523145427342E-05  0.0000000000000000E+00  0.0000000000000000E+00  0.4191897549683513E-06
  373   0.0000000000000000E+00  0.2473220900112410E-05  0.1890170773653193E-05  0.0000000000000000E+00  0.0000000000000000E+00  0.2383596383810237E-06
  374   0.0000000000000000E+00  0.2049878542919502E-05  0.1948837859444761E-05  0.0000000000000000E+00  0.0000000000000000E+00  0.4351994227132205E-07
  375   0.0000000000000000E+00  0.1648033764604192E-05  0.2009544190432617E-05  0.0000000000000000E+00  0.0000000000000000E+00 -0.1604701654207822E-06
  376   0.0000000000000000E+00  0.1275746203920258E-05  0.2070422713734103E-05  0.0000000000000000E+00  0.0000000000000000E+00 -0.3684821139696532E-06
  377   0.0000000000000000E+00  0.9404289983919876E-06  0.2129763024514509E-05  0.0000000000000000E+00  0.0000000000000000E+00 -0.5752550942445838E-06
  378   0.0000000000000000E+00  0.6486330552502440E-06  0.2186040638077655E-05  0.0000000000000000E+00  0.0000000000000000E+00 -0.7755426978977261E-06
  379   0.0000000000000000E+00  0.4058443241779116E-06  0.2237933277206114E-05  0.0000000000000000E+00  0.0000000000000000E+00 -0.9642645016822519E-06
  380   0.0000000000000000E+00  0.2163013483051936E-06  0.2284326173030667E-05  0.0000000000000000E+00  0.0000000000000000E+00 -0.1136657562317243E-05
  381   0.0000000000000000E+00  0.8284051979944735E-07  0.2324308601275439E-05  0.0000000000000000E+00  0.0000000000000000E+00 -0.1288422312868280E-05
  382   0.0000000000000000E+00  0.6776345494531803E-08  0.2357164564917911E-05  0.0000000000000000E+00  0.0000000000000000E+00 -0.1415857383728936E-05
  383   0.0000000000000000E+00 -0.1217673881669246E-07  0.2382360382757573E-05  0.0000000000000000E+00  0.0000000000000000E+00 -0.1515977988143885E-05
  384   0.0000000000000000E+00  0.2406454926787086E-07  0.2399531351081924E-05  0.0000000000000000E+00  0.0000000000000000E+00 -0.1586612629929504E-05
  385   0.0000000000000000E+00  0.1119725409622617E-06  0.2408469701633205E-05  0.0000000000000000E+00  0.0000000000000000E+00 -0.1626473767666588E-05
  386   0.0000000000000000E+00  0.2464825642330210E-06  0.2409115233721988E-05  0.0000000000000000E+00  0.0000000000000000E+00 -0.1635198812888983E-05
  387   0.0000000000000000E+00  0.4211211917793336E-06  0.2401549346084990E-05  0.0000000000000000E+00  0.0000000000000000E+00 -0.1613358932019475E-05
  388   0.0000000000000000E+00  0.6281872831574585E-06  0.2385992522799058E-05  0.0000000000000000E+00  0.0000000000000000E+00 -0.1562434406245838E-05
  389   0.0000000000000000E+00  0.8589820883076212E-06  0.2362804352532494E-05  0.0000000000000000E+00  0.0000000000000000E+00 -0.1484756481013808E-05
  390   0.0000000000000000E+00  0.1104082518382869E-05  0.2332485032147626E-05  0.0000000000000000E+00  0.0000000000000000E+00 -0.1383417385702463E-05
  391   0.0000000000000000E+00  0.1353649602737114E-05  0.2295676673750351E-05  0.0000000000000000E+00  0.0000000000000000E+00 -0.1262151466830671E-05
  392   0.0000000000000000E+00  0.1597761951446954E-05  0.2253162151201385E-05  0.0000000000000000E+00  0.0000000000000000E+00 -0.1125191499490996E-05
  393   0.0000000000000000E+00  0.1826762394000338E-05  0.2205859711251999E-05  0.0000000000000000E+00  0.0000000000000000E+00 -0.9771057580365320E-06
  394   0.0000000000000000E+00  0.2031604490507456E-05  0.2154811537006596E-05  0.0000000000000000E+00  0.0000000000000000E+00 -0.8226222265643660E-06
  395   0.0000000000000000E+00  0.2204184707816696E-05  0.2101164938023869E-05  0.0000000000000000E+00  0.0000000000000000E+00 -0.6664470635028894E-06
  396   0.0000000000000000E+00  0.2337645839624587E-05  0.2046145515045157E-05  0.0000000000000000E+00  0.0000000000000000E+00 -0.5130848356009247E-06
  397   0.0000000000000000E+00  0.2426637473942854E-05  0.1991022167269501E-05  0.0000000000000000E+00  0.0000000000000000E+00 -0.3666680142322364E-06
  398   0.0000000000000000E+00  0.2467521017991373E-05  0.1937065039388008E-05  0.0000000000000000E+00  0.0000000000000000E+00 -0.2308030712331365E-06
  399   0.0000000000000000E+00  0.2458508809669269E-05  0.1885498133310758E-05  0.0000000000000000E+00  0.0000000000000000E+00 -0.1084397368870685E-06
  400   0.0000000000000000E+00  0.2399729316920253E-05  0.1837448764535093E-05  0.0000000000000000E+00  0.0000000000000000E+00 -0.1769002522304365E-08
  401   0.0000000000000000E+00  0.2293214385633433E-05  0.1793897025643723E-05  0.0000000000000000E+00  0.0000000000000000E+00  0.8784570096975966E-07
  402   0.0000000000000000E+00  0.2142808091281937E-05  0.1755628544059174E-05  0.0000000000000000E+00  0.0000000000000000E+00  0.1599012450534581E-06
  403   0.0000000000000000E+00  0.1954000742353644E-05  0.1723193943559497E-05  0.0000000000000000E+00  0.0000000000000000E+00  0.2147501649938044E-06
  404   0.0000000000000000E+00  0.1733695413310578E-05  0.1696878261488605E-05  0.0000000000000000E+00  0.0000000000000000E+00  0.2535590335097589E-06
  405   0.0000000000000000E+00  0.1489917542095490E-05  0.1676682913141409E-05  0.0000000000000000E+00  0.0000000000000000E+00  0.2782318892492526E-06
  406   0.0000000000000000E+00  0.1231481265806745E-05  0.1662322405068550E-05  0.0000000000000000E+00  0.0000000000000000E+00  0.2913023816535616E-06
  407   0.0000000000000000E+00  0.9676278769046074E-06  0.1653236960295708E-05  0.0000000000000000E+00  0.0000000000000000E+00  0.2957997048908026E-06
  408   0.0000000000000000E+00  0.7076527193777198E-06  0.1648620961597762E-05  0.0000000000000000E+00  0.0000000000000000E+00  0.2950945077382841E-06
  409   0.0000000000000000E+00  0.4605374199070967E-06  0.1647466374213319E-05  0.0000000000000000E+00  0.0000000000000000E+00  0.2927318914071165E-06
  410   0.0000000000000000E+00  0.2346035663698137E-06  0.1648619065295048E-05  0.0000000000000000E+00  0.0000000000000000E+00  0.2922591097605099E-06
  411   0.0000000000000000E+00  0.3720265165259610E-07  0.1650844991100350E-05  0.0000000000000000E+00  0.0000000000000000E+00  0.2970557529098728E-06
  412   0.0000000000000000E+00 -0.1255448692398707E-06  0.1652902438571440E-05  0.0000000000000000E+00  0.0000000000000000E+00  0.3101739948605810E-06
  413   0.0000000000000000E+00 -0.2489510444987659E-06  0.1653615722346660E-05  0.0000000000000000E+00  0.0000000000000000E+00  0.3341958906045508E-06
  414   0.0000000000000000E+00 -0.3298949174717988E-06  0.1651945695837321E-05  0.0000000000000000E+00  0.0000000000000000E+00  0.3711138706173166E-06
  415   0.0000000000000000E+00 -0.3668858055000613E-06  0.1647052286212308E-05  0.0000000000000000E+00  0.0000000000000000E+00  0.4222394034810590E-06
  416   0.0000000000000000E+00 -0.3600543826978855E-06  0.1638344327560835E-05  0.0000000000000000E+00  0.0000000000000000E+00  0.4881433760780156E-06
  417   0.0000000000000000E+00 -0.3110740001532933E-06  0.1625512918460426E-05  0.0000000000000000E+00  0.0000000000000000E+00  0.5686302837552010E-06
  418   0.0000000000000000E+00 -0.2230179300066234E-06  0.1608545296081947E-05  0.0000000000000000E+00  0.0000000000000000E+00  0.6627467106723619E-06
  419   0.0000000000000000E+00 -0.1001612035969689E-06  0.1587717445692300E-05  0.0000000000000000E+00  0.0000000000000000E+00  0.7688230189447228E-06
  420   0.0000000000000000E+00  0.5226174237422434E-07  0.1563565086633346E-05  0.0000000000000000E+00  0.0000000000000000E+00  0.8845457087746075E-06
  421   0.0000000000000000E+00  0.2283304555471891E-06  0.1536833994862242E-05  0.0000000000000000E+00  0.0000000000000000E+00  0.1007056510803270E-05
  422   0.0000000000000000E+00  0.4217284685632680E-06  0.1508412387608748E-05  0.0000000000000000E+00  0.0000000000000000E+00  0.1133073292965187E-05
  423   0.0000000000000000E+00  0.6260351541013879E-06  0.1479249339249098E-05  0.0000000000000000E+00  0.0000000000000000E+00  0.1259027035216813E-05
  424   0.0000000000000000E+00  0.8350050500158906E-06  0.1450264136984653E-05  0.0000000000000000E+00  0.0000000000000000E+00  0.1381208432751096E-05
  425   0.0000000000000000E+00  0.1042821522026882E-05  0.1422252618641845E-05  0.0000000000000000E+00  0.0000000000000000E+00  0.1495917646710301E-05
  426   0.0000000000000000E+00  0.1244313579835590E-05  0.1395796831891469E-05  0.0000000000000000E+00  0.0000000000000000E+00  0.1599610732760813E-05
  427   0.0000000000000000E+00  0.1435127159396974E-05  0.1371184420951314E-05  0.0000000000000000E+00  0.0000000000000000E+00  0.1689036677991951E-05
  428   0.0000000000000000E+00  0.1611845084875264E-05  0.1348343793748671E-05  0.0000000000000000E+00  0.0000000000000000E+00  0.1761359664347552E-05
  429   0.0000000000000000E+00  0.1772052794227804E-05  0.1326800198257721E-05  0.0000000000000000E+00  0.0000000000000000E+00  0.1814261863195781E-05
  430   0.0000000000000000E+00  0.1914350129122156E-05  0.1305656943495798E-05  0.0000000000000000E+00  0.0000000000000000E+00  0.1846023382160114E-05
  431   0.0000000000000000E+00  0.2038312255527296E-05  0.1283604482762351E-05  0.0000000000000000E+00  0.0000000000000000E+00  0.1855577044758938E-05
  432   0.0000000000000000E+00  0.2144404932946111E-05  0.1258958285075816E-05  0.0000000000000000E+00  0.0000000000000000E+00  0.1842536605926376E-05
  433   0.0000000000000000E+00  0.2233861657725571E-05  0.1229724944001166E-05  0.0000000000000000E+00  0.0000000000000000E+00  0.1807198527984691E-05
  434   0.0000000000000000E+00  0.2308531531283649E-05  0.1193694088801469E-05  0.0000000000000000E+00  0.0000000000000000E+00  0.1750518382502056E-05
  435   0.0000000000000000E+00  0.2370707664509551E-05  0.1148552015396800E-05  0.0000000000000000E+00  0.0000000000000000E+00  0.1674063968521341E-05
  436   0.0000000000000000E+00  0.2422946372831466E-05  0.1092011483374292E-05  0.0000000000000000E+00  0.0000000000000000E+00  0.1579948110458171E-05
  437   0.0000000000000000E+00  0.2467887038407797E-05  0.1021950787373785E-05  0.0000000000000000E+00  0.0000000000000000E+00  0.1470744584720350E-05
  438   0.0000000000000000E+00  0.2508082285303740E-05  0.9365545534489347E-06  0.0000000000000000E+00  0.0000000000000000E+00  0.1349391375367417E-05
  439   0.0000000000000000E+00  0.2545846917264623E-05  0.8344481825722690E-06  0.0000000000000000E+00  0.0000000000000000E+00  0.1219085553527541E-05
  440   0.0000000000000000E+00  0.2583132291277963E-05  0.7148177900182854E-06  0.0000000000000000E+00  0.0000000000000000E+00  0.1083173942324175E-05
  441   0.0000000000000000E+00  0.2621431528224446E-05  0.5775082461898628E-06  0.0000000000000000E+00  0.0000000000000000E+00  0.9450438810741714E-06
  442   0.0000000000000000E+00  0.2661718804211334E-05  0.4230928520501150E-06  0.0000000000000000E+00  0.0000000000000000E+00  0.8080179410154984E-06
  443   0.0000000000000000E+00  0.2704423989871070E-05  0.2529096632906860E-06  0.0000000000000000E+00  0.0000000000000000E+00  0.6752560345098536E-06
  444   0.0000000000000000E+00  0.2749441970630805E-05  0.6906127313681620E-07  0.0000000000000000E+00  0.0000000000000000E+00  0.5496678300969433E-06
  445   0.0000000000000000E+00  0.2796173855381929E-05 -0.1256231486982911E-06  0.0000000000000000E+00  0.0000000000000000E+00  0.4338377149095864E-06
  446   0.0000000000000000E+00  0.2843596110416272E-05 -0.3276626082796968E-06  0.0000000000000000E+00  0.0000000000000000E+00  0.3299640337084055E-06
  447   0.0000000000000000E+00  0.2890352220266893E-05 -0.5330329505542316E-06  0.0000000000000000E+00  0.0000000000000000E+00  0.2398135975535309E-06
  448   0.0000000000000000E+00  0.2934860209013271E-05 -0.7373046658430297E-06  0.0000000000000000E+00  0.0000000000000000E+00  0.1646918187026151E-06
  449   0.0000000000000000E+00  0.2975429378773737E-05 -0.9358035292051968E-06  0.0000000000000000E+00  0.0000000000000000E+00  0.1054283620747766E-06
  450   0.0000000000000000E+00  0.3010379289365129E-05 -0.1123786612173144E-05  0.0000000000000000E+00  0.0000000000000000E+00  0.6237765648811199E-07
  451   0.0000000000000000E+00  0.3038154348213002E-05 -0.1296625453846241E-05  0.0000000000000000E+00  0.0000000000000000E+00  0.3543321041117917E-07
  452   0.0000000000000000E+00  0.3057428066819476E-05 -0.1449987894262992E-05  0.0000000000000000E+00  0.0000000000000000E+00  0.2405435229185801E-07
  453   0.0000000000000000E+00  0.3067191621708789E-05 -0.1580010048911440E-05  0.0000000000000000E+00  0.0000000000000000E+00  0.2730377301594715E-07
  454   0.0000000000000000E+00  0.3066822921369137E-05 -0.1683450603500007E-05  0.0000000000000000E+00  0.0000000000000000E+00  0.4389409255474244E-07
  455   0.0000000000000000E+00  0.3056133394570534E-05 -0.1757820459247900E-05  0.0000000000000000E+00  0.0000000000000000E+00  0.7224157884613649E-07
  456   0.0000000000000000E+00  0.3035390572804203E-05 -0.1801481700344458E-05  0.0000000000000000E+00  0.0000000000000000E+00  0.1105251240607591E-06
  457   0.0000000000000000E+00  0.3005316351062363E-05 -0.1813711574240430E-05  0.0000000000000000E+00  0.0000000000000000E+00  0.1567486087197442E-06
  458   0.0000000000000000E+00  0.2967061737949812E-05 -0.1794728698146505E-05  0.0000000000000000E+00  0.0000000000000000E+00  0.2088048455633706E-06
  459   0.0000000000000000E+00  0.2922160067391612E-05 -0.1745680513308640E-05  0.0000000000000000E+00  0.0000000000000000E+00  0.2645393881717536E-06
  460   0.0000000000000000E+00  0.2872461672772868E-05 -0.1668592887573219E-05  0.0000000000000000E+00  0.0000000000000000E+00  0.3218126090408182E-06
  461   0.0000000000000000E+00  0.2820053535162932E-05 -0.1566284413446535E-05  0.0000000000000000E+00  0.0000000000000000E+00  0.3785585521323892E-06
  462   0.0000000000000000E+00  0.2767168465232535E-05 -0.1442249926380558E-05  0.0000000000000000E+00  0.0000000000000000E+00  0.4328392368880396E-06
  463   0.0000000000000000E+00  0.2716088522101719E-05 -0.1300519088872263E-05  0.0000000000000000E+00  0.0000000000000000E+00  0.4828932456076187E-06
  464   0.0000000000000000E+00  0.2669047119523192E-05 -0.1145496840301201E-05  0.0000000000000000E+00  0.0000000000000000E+00  0.5271775224473470E-06
  465   0.0000000000000000E+00  0.2628134618826401E-05 -0.9817935578977690E-06  0.0000000000000000E+00  0.0000000000000000E+00  0.5644015388607970E-06
  466   0.0000000000000000E+00  0.2595211555809623E-05 -0.8140529263948819E-06  0.0000000000000000E+00  0.0000000000000000E+00  0.5935531334269560E-06
  467   0.0000000000000000E+00  0.2571833106207486E-05 -0.6467853925641724E-06  0.0000000000000000E+00  0.0000000000000000E+00  0.6139155326676751E-06
  468   0.0000000000000000E+00  0.2559187700505932E-05 -0.4842145029122750E-06  0.0000000000000000E+00  0.0000000000000000E+00  0.6250752822115167E-06
  469   0.0000000000000000E+00  0.2558051615443790E-05 -0.3301423972120985E-06  0.0000000000000000E+00  0.0000000000000000E+00  0.6269209849506671E-06
  470   0.0000000000000000E+00  0.2568760886935179E-05 -0.1878395805642259E-06  0.0000000000000000E+00  0.0000000000000000E+00  0.6196330776107435E-06
  471   0.0000000000000000E+00  0.2591200872612231E-05 -0.5996252129198735E-07  0.0000000000000000E+00  0.0000000000000000E+00  0.6036650942207563E-06
  472   0.0000000000000000E+00  0.2624812689291455E-05  0.5149894906136754E-07  0.0000000000000000E+00  0.0000000000000000E+00  0.5797170342253433E-06
  473   0.0000000000000000E+00  0.2668615510687811E-05  0.1452439411619995E-06  0.0000000000000000E+00  0.0000000000000000E+00  0.5487018108475912E-06
  474   0.0000000000000000E+00  0.2721242927533960E-05  0.2206535401078820E-06  0.0000000000000000E+00  0.0000000000000000E+00  0.5117059302688443E-06
  475   0.0000000000000000E+00  0.2780991200567631E-05  0.2777568735818779E-06  0.0000000000000000E+00  0.0000000000000000E+00  0.4699457659571344E-06
  476   0.0000000000000000E+00  0.2845877018269902E-05  0.3171736149053086E-06  0.0000000000000000E+00  0.0000000000000000E+00  0.4247209660431293E-06
  477   0.0000000000000000E+00  0.2913701966987544E-05  0.3400371298789878E-06  0.0000000000000000E+00  0.0000000000000000E+00  0.3773666051427431E-06
  478   0.0000000000000000E+00  0.2982121308435233E-05  0.3479030943615437E-06  0.0000000000000000E+00  0.0000000000000000E+00  0.3292058278268167E-06
  479   0.0000000000000000E+00  0.3048714598652120E-05  0.3426487244027765E-06  0.0000000000000000E+00  0.0000000000000000E+00  0.2815046779630883E-06
  480   0.0000000000000000E+00  0.3111055476493109E-05  0.3263677692406840E-06  0.0000000000000000E+00  0.0000000000000000E+00  0.2354306946339516E-06
  481   0.0000000000000000E+00  0.3166778671488896E-05  0.3012662995560333E-06  0.0000000000000000E+00  0.0000000000000000E+00  0.1920167809736915E-06
  482   0.0000000000000000E+00  0.3213642324282810E-05  0.2695639005806510E-06  0.0000000000000000E+00  0.0000000000000000E+00  0.1521316019554768E-06
  483   0.0000000000000000E+00  0.3249584088940556E-05  0.2334042957528665E-06  0.0000000000000000E+00  0.0000000000000000E+00  0.1164575050672070E-06
  484   0.0000000000000000E+00  0.3272769909523321E-05  0.1947786833623063E-06  0.0000000000000000E+00  0.0000000000000000E+00  0.8547664212493525E-07
  485   0.0000000000000000E+00  0.3281634436832104E-05  0.1554641834088965E-06  0.0000000000000000E+00  0.0000000000000000E+00  0.5946561004556837E-07
  486   0.0000000000000000E+00  0.3274912899600629E-05  0.1169788964377046E-06  0.0000000000000000E+00  0.0000000000000000E+00  0.3849858075769226E-07
  487   0.0000000000000000E+00  0.3251664408442887E-05  0.8055409355557520E-07  0.0000000000000000E+00  0.0000000000000000E+00  0.2245850447438847E-07
  488   0.0000000000000000E+00  0.3211286564424213E-05  0.4712312718293804E-07  0.0000000000000000E+00  0.0000000000000000E+00  0.1105562257573178E-07
  489   0.0000000000000000E+00  0.3153522034859754E-05  0.1732585132943287E-07  0.0000000000000000E+00  0.0000000000000000E+00  0.3852226996327730E-08
  490   0.0000000000000000E+00  0.3078457642522576E-05 -0.8473379402032703E-08  0.0000000000000000E+00  0.0000000000000000E+00  0.2923360611480985E-09
  491   0.0000000000000000E+00  0.2986516656243078E-05 -0.3015659577616300E-07  0.0000000000000000E+00  0.0000000000000000E+00 -0.2652335842967035E-09
  492   0.0000000000000000E+00  0.2878445040586583E-05 -0.4781480123647938E-07  0.0000000000000000E+00  0.0000000000000000E+00  0.1487964767170476E-08
  493   0.0000000000000000E+00  0.2755292114380581E-05 -0.6170523422372326E-07  0.0000000000000000E+00  0.0000000000000000E+00  0.4844929251108149E-08
  494   0.0000000000000000E+00  0.2618386434303449E-05 -0.7220625907472255E-07  0.0000000000000000E+00  0.0000000000000000E+00  0.9116598873826243E-08
  495   0.0000000000000000E+00  0.2469307407293152E-05 -0.7977265636931909E-07  0.0000000000000000E+00  0.0000000000000000E+00  0.1366221947224783E-07
  496   0.0000000000000000E+00  0.2309852729212684E-05 -0.8489374721699436E-07  0.0000000000000000E+00  0.0000000000000000E+00  0.1791539527440540E-07
  497   0.0000000000000000E+00  0.2142002154394424E-05 -0.8805636640477598E-07  0.0000000000000000E+00  0.0000000000000000E+00  0.2140479662478926E-07
  498   0.0000000000000000E+00  0.1967877835257567E-05 -0.8971419750153187E-07  0.0000000000000000E+00  0.0000000000000000E+00  0.2376880129827221E-07
  499   0.0000000000000000E+00  0.1789701562054695E-05 -0.9026445026796537E-07  0.0000000000000000E+00  0.0000000000000000E+00  0.2476368164394817E-07
  500   0.0000000000000000E+00  0.1609749371217371E-05 -0.9003232664670538E-07  0.0000000000000000E+00  0.0000000000000000E+00  0.2426529442185457E-07