2    0.0000007347
3    0.0000014693
4    0.0000024080
5    0.0000035916
6    0.0000050201
7    0.0000067343
8    0.0000086117
9    0.0000107790
10    0.0000131788
11    0.0000158195
12    0.0000187091
13    0.0000218354
14    0.0000251822
15    0.0000288554
16    0.0000326920
17    0.0000368142
18    0.0000411404
19    0.0000457932
20    0.0000506093
21    0.0000557518
22    0.0000610984
23    0.0000666899
24    0.0000725672
25    0.0000786892
26    0.0000850154
27    0.0000916273
28    0.0000985248
29    0.0001056672
30    0.0001130137
31    0.0001206459
32    0.0001285638
33    0.0001366858
34    0.0001450935
35    0.0001537460
36    0.0001626435
37    0.0001718674
38    0.0001812954
39    0.0001909683
40    0.0002008861
41    0.0002111304
42    0.0002215380
43    0.0002322720
44    0.0002432510
45    0.0002544748
46    0.0002659435
47    0.0002776571
48    0.0002896564
49    0.0003020638
50    0.0003143488
51    0.0003273276
52    0.0003403881
53    0.0003534485
54    0.0003669171
55    0.0003807939
56    0.0003946706
57    0.0004089555
58    0.0004236485
59    0.0004383415
60    0.0004530345
61    0.0004685438
62    0.0004844612
63    0.0004999705
64    0.0005158880
65    0.0005322135
66    0.0005489472
67    0.0005656809
68    0.0005824146
69    0.0005999646
70    0.0006175146
71    0.0006350646
72    0.0006530227
73    0.0006713890
74    0.0006897553
75    0.0007085297
76    0.0007277122
77    0.0007468947
78    0.0007668936
79    0.0007860761
80    0.0008060749
81    0.0008264819
82    0.0008477051
83    0.0008681121
84    0.0008893353
85    0.0009105586
86    0.0009325981
87    0.0009542295
88    0.0009762690
89    0.0009987166
90    0.0010215724
91    0.0010444282
92    0.0010676922
93    0.0010913642
94    0.0011150363
95    0.0011395247
96    0.0011636049
97    0.0011880932
98    0.0012129897
99    0.0012382943
100    0.0012640071
101    0.0012897199
102    0.0013158408
103    0.0013423698
104    0.0013688989
105    0.0013954279
106    0.0014227733
107    0.0014505267
108    0.0014782802
109    0.0015064418
110    0.0015346034
111    0.0015635813
112    0.0015925592
113    0.0016219452
114    0.0016517394
115    0.0016815335
116    0.0017117358
117    0.0017423463
118    0.0017733648
119    0.0018047916
120    0.0018362183
121    0.0018676450
122    0.0018998880
123    0.0019325391
124    0.0019655984
125    0.0019986577
126    0.0020321251
127    0.0020660006
128    0.0021002843
129    0.0021349762
130    0.0021696680
131    0.0022048088
132    0.0022402353
133    0.0022761515
134    0.0023124759
135    0.0023492084
136    0.0023862675
137    0.0024236122
138    0.0024611610
139    0.0024993220
140    0.0025379728
141    0.0025767052
142    0.0026158458
143    0.0026553537
144    0.0026951880
145    0.0027356754
146    0.0027764077
147    0.0028176706
148    0.0028590559
149    0.0029008902
150    0.0029434999
151    0.0029861097
152    0.0030290459
153    0.0030726760
154    0.0031166326
155    0.0031608341
156    0.0032057294
157    0.0032508696
158    0.0032966628
159    0.0033422519
160    0.0033888206
161    0.0034355934
162    0.0034828967
163    0.0035303633
164    0.0035783605
165    0.0036268474
166    0.0036758241
167    0.0037252906
168    0.0037748387
169    0.0038247541
170    0.0038755674
171    0.0039263399
172    0.0039779287
173    0.0040294359
174    0.0040817185
175    0.0041343685
176    0.0041873041
177    0.0042406071
178    0.0042942366
179    0.0043482743
180    0.0044030873
181    0.0044579821
182    0.0045132849
183    0.0045690367
184    0.0046249110
185    0.0046812750
186    0.0047382104
187    0.0047956764
188    0.0048529384
189    0.0049111798
190    0.0049692172
191    0.0050279485
192    0.0050869246
193    0.0051461864
194    0.0052061829
195    0.0052660569
196    0.0053263390
197    0.0053869477
198    0.0054479645
199    0.0055094303
200    0.0055713042
201    0.0056332597
202    0.0056952969
203    0.0057578238
204    0.0058208813
205    0.0058841021
206    0.0059474861
207    0.0060114823
208    0.0060752745
209    0.0061397197
210    0.0062040424
211    0.0062690182
212    0.0063339531
213    0.0063995819
214    0.0064652107
215    0.0065307578
216    0.0065967539
217    0.0066631582
218    0.0067296032
219    0.0067965381
220    0.0068635545
221    0.0069306934
222    0.0069979548
223    0.0070653794
224    0.0071329672
225    0.0072008000
226    0.0072688368
227    0.0073371184
228    0.0074052777
229    0.0074737635
230    0.0075425349
231    0.0076112655
232    0.0076803635
233    0.0077490125
234    0.0078181105
235    0.0078876166
236    0.0079567962
237    0.0080260166
238    0.0080954003
239    0.0081648656
240    0.0082344533
241    0.0083038370
242    0.0083734247
243    0.0084432165
244    0.0085128042
245    0.0085827185
246    0.0086520613
247    0.0087217307
248    0.0087913184
249    0.0088608653
250    0.0089303715
251    0.0089998776
252    0.0090693429
253    0.0091388081
254    0.0092082326
255    0.0092772490
256    0.0093465918
257    0.0094154857
258    0.0094843388
259    0.0095535184
260    0.0096222082
261    0.0096908164
262    0.0097589348
263    0.0098273798
264    0.0098957023
265    0.0099634942
266    0.0100312045
267    0.0100991597
268    0.0101665435
269    0.0102338456
270    0.0103009437
271    0.0103679194
272    0.0104347317
273    0.0105013401
274    0.0105673770
275    0.0106336180
276    0.0106996549
277    0.0107651204
278    0.0108307492
279    0.0108957250
280    0.0109609048
281    0.0110254724
282    0.0110901625
283    0.0111541995
284    0.0112183998
285    0.0112819063
286    0.0113455760
287    0.0114085111
288    0.0114716094
289    0.0115343812
290    0.0115968673
291    0.0116590269
292    0.0117208600
293    0.0117823666
294    0.0118435466
295    0.0119047675
296    0.0119656619
297    0.0120261889
298    0.0120863487
299    0.0121461410
300    0.0122059334
301    0.0122653585
302    0.0123243754
303    0.0123830250
304    0.0124416338
305    0.0124998753
306    0.0125576678
307    0.0126154603
308    0.0126728039
309    0.0127297393
310    0.0127862666
311    0.0128427122
312    0.0128991171
313    0.0129551138
314    0.0130106207
315    0.0130656787
316    0.0131206958
317    0.0131756314
318    0.0132300771
319    0.0132840331
320    0.0133379483
321    0.0133917411
322    0.0134450849
323    0.0134978981
324    0.0135505889
325    0.0136032388
326    0.0136557255
327    0.0137077224
328    0.0137591480
329    0.0138109000
330    0.0138620807
331    0.0139131389
332    0.0139636665
333    0.0140144391
334    0.0140646810
335    0.0141147597
336    0.0141646343
337    0.0142143865
338    0.0142639754
339    0.0143129521
340    0.0143621737
341    0.0144111912
342    0.0144600454
343    0.0145082875
344    0.0145567336
345    0.0146053838
346    0.0146533810
347    0.0147012149
348    0.0147492121
349    0.0147969644
350    0.0148449207
351    0.0148922240
352    0.0149397314
353    0.0149874021
354    0.0150348687
355    0.0150820904
356    0.0151291488
357    0.0151764114
358    0.0152234698
359    0.0152707323
360    0.0153178724
361    0.0153652166
362    0.0154119893
363    0.0154594559
364    0.0155063103
365    0.0155538585
366    0.0156008761
367    0.0156481795
368    0.0156957277
369    0.0157427861
370    0.0157905384
371    0.0158377601
372    0.0158857165
373    0.0159331831
374    0.0159813843
375    0.0160290958
376    0.0160771338
377    0.0161255391
378    0.0161738628
379    0.0162221456
380    0.0162707958
381    0.0163198133
382    0.0163687900
383    0.0164177668
384    0.0164671108
385    0.0165164548
386    0.0165661662
387    0.0166163265
388    0.0166660786
389    0.0167166879
390    0.0167672972
391    0.0168179064
392    0.0168690055
393    0.0169201045
394    0.0169716933
395    0.0170233229
396    0.0170754423
397    0.0171276025
398    0.0171802524
399    0.0172329840
400    0.0172862462
401    0.0173395491
402    0.0173933827
403    0.0174472979
404    0.0175017437
405    0.0175566384
406    0.0176116555
407    0.0176667543
408    0.0177227510
409    0.0177784212
410    0.0178349893
411    0.0178916799
412    0.0179488193
413    0.0180064486
414    0.0180642003
415    0.0181224009
416    0.0181810914
417    0.0182398634
418    0.0182991252
419    0.0183592441
420    0.0184190773
421    0.0184797676
422    0.0185409477
423    0.0186022094
424    0.0186639200
425    0.0187261205
426    0.0187887698
427    0.0188519498
428    0.0189151705
429    0.0189788402
430    0.0190434079
431    0.0191080163
432    0.0191731145
433    0.0192386617
434    0.0193046986
435    0.0193707763
436    0.0194377112
437    0.0195051358
438    0.0195726012
439    0.0196405155
440    0.0197089197
441    0.0197777727
442    0.0198470340
443    0.0199168258
444    0.0199866176
445    0.0200572665
446    0.0201279562
447    0.0201991357
448    0.0202707233
449    0.0203428007
450    0.0204148780
451    0.0204878125
452    0.0205608286
453    0.0206342529
454    0.0207076771
455    0.0207819992
456    0.0208563214
457    0.0209310925
458    0.0210058636
459    0.0210810428
460    0.0211566710
461    0.0212327482
462    0.0213091927
463    0.0213856779
464    0.0214621632
465    0.0215394648
466    0.0216167664
467    0.0216940679
468    0.0217717368
469    0.0218498547
470    0.0219283398
471    0.0220068250
472    0.0220853102
473    0.0221641627
474    0.0222434233
475    0.0223226839
476    0.0224018629
477    0.0224814501
478    0.0225614454
479    0.0226413590
480    0.0227212727
481    0.0228015128
482    0.0228817530
483    0.0229619524
484    0.0230424945
485    0.0231234081
486    0.0232038605
487    0.0232846721
488    0.0233654265
489    0.0234465320
490    0.0235271680
491    0.0236081510
492    0.0236890687
493    0.0237703292
494    0.0238511081
495    0.0239322258
496    0.0240132659
497    0.0240942285
498    0.0241751135
499    0.0242559169
500    0.0243366305
501    0.0244172625
502    0.0244978047
503    0.0245786734
504    0.0246590523
505    0.0247393537
506    0.0248191694
507    0.0248993157
508    0.0249793926
509    0.0250589879
510    0.0251385138
511    0.0252175704
512    0.0252965576
513    0.0253754835
514    0.0254543524
515    0.0255327518
516    0.0256106860
517    0.0256885712
518    0.0257659911
519    0.0258433662
520    0.0259202841
521    0.0259971530
522    0.0260735730
523    0.0261495440
524    0.0262250702
525    0.0263001474
526    0.0263751919
527    0.0264497916
528    0.0265239587
529    0.0265976849
530    0.0266709786
531    0.0267438355
532    0.0268162680
533    0.0268882678
534    0.0269594350
535    0.0270305860
536    0.0271013165
537    0.0271712185
538    0.0272411082
539    0.0273101776
540    0.0273788307
541    0.0274470757
542    0.0275145003
543    0.0275815167
544    0.0276481291
545    0.0277139334
546    0.0277793336
547    0.0278443380
548    0.0279089423
549    0.0279727467
550    0.0280357471
551    0.0280983597
552    0.0281605806
553    0.0282220055
554    0.0282830386
555    0.0283432718
556    0.0284031214
557    0.0284621669
558    0.0285208287
559    0.0285786906
560    0.0286361648
561    0.0286928431
562    0.0287487255
563    0.0288046242
564    0.0288593230
565    0.0289136300
566    0.0289671452
567    0.0290202686
568    0.0290730084
569    0.0291245441
570    0.0291756921
571    0.0292264524
572    0.0292764209
573    0.0293255935
574    0.0293743784
575    0.0294223715
576    0.0294699768
577    0.0295167904
578    0.0295632162
579    0.0296084421
580    0.0296536925
581    0.0296977389
582    0.0297418098
583    0.0297846807
584    0.0298271680
585    0.0298688635
586    0.0299101713
587    0.0299510995
588    0.0299908237
589    0.0300301683
590    0.0300691252
591    0.0301072944
592    0.0301450799
593    0.0301820736
594    0.0302182796
595    0.0302541020
596    0.0302895408
597    0.0303241918
598    0.0303584591
599    0.0303919347
600    0.0304250307
601    0.0304573390
602    0.0304892637
603    0.0305208047
604    0.0305515539
605    0.0305819154
606    0.0306114810
607    0.0306410670
608    0.0306698571
609    0.0306982554
610    0.0307258497
611    0.0307534644
612    0.0307802710
613    0.0308066858
614    0.0308327046
615    0.0308583235
616    0.0308835425
617    0.0309083614
618    0.0309327763
619    0.0309567912
620    0.0309804021
621    0.0310036048
622    0.0310268116
623    0.0310492021
624    0.0310715926
625    0.0310935709
626    0.0311151370
627    0.0311367031
628    0.0311574447
629    0.0311785863
630    0.0311989035
631    0.0312192125
632    0.0312395092
633    0.0312593897
634    0.0312788457
635    0.0312982894
636    0.0313177169
637    0.0313367198
638    0.0313557024
639    0.0313742605
640    0.0313932104
641    0.0314117236
642    0.0314298123
643    0.0314482806
644    0.0314663163
645    0.0314843275
646    0.0315027182
647    0.0315206723
648    0.0315385977
649    0.0315564905
650    0.0315743507
651    0.0315921823
652    0.0316099772
653    0.0316277394
654    0.0316454690
655    0.0316635781
656    0.0316812505
657    0.0316992985
658    0.0317173178
659    0.0317353086
660    0.0317532708
661    0.0317716166
662    0.0317899339
663    0.0318086349
664    0.0318269032
665    0.0318455511
666    0.0318645867
667    0.0318835978
668    0.0319025885
669    0.0319219629
670    0.0319413168
671    0.0319610585
672    0.0319807798
673    0.0320008888
674    0.0320213897
675    0.0320418701
676    0.0320623342
677    0.0320835982
678    0.0321048460
679    0.0321260774
680    0.0321481087
681    0.0321701278
682    0.0321925388
683    0.0322149374
684    0.0322381442
685    0.0322613347
686    0.0322849252
687    0.0323089115
688    0.0323332978
689    0.0323576719
690    0.0323828541
691    0.0324080322
692    0.0324340143
693    0.0324599924
694    0.0324863745
695    0.0325131566
696    0.0325407509
697    0.0325683411
698    0.0325963394
699    0.0326247378
700    0.0326539524
701    0.0326831670
702    0.0327127856
703    0.0327428165
704    0.0327736596
705    0.0328045027
706    0.0328361620
707    0.0328678214
708    0.0329002970
709    0.0329331849
710    0.0329664809
711    0.0330001850
712    0.0330338932
713    0.0330684218
714    0.0331037667
715    0.0331391156
716    0.0331748768
717    0.0332110461
718    0.0332480398
719    0.0332850376
720    0.0333224477
721    0.0333606781
722    0.0333989166
723    0.0334379715
724    0.0334770385
725    0.0335169260
726    0.0335572257
727    0.0335975335
728    0.0336386698
729    0.0336798062
730    0.0337213629
731    0.0337637441
732    0.0338061334
733    0.0338489431
734    0.0338921651
735    0.0339358074
736    0.0339798660
737    0.0340243450
738    0.0340688363
739    0.0341141520
740    0.0341594799
741    0.0342052242
742    0.0342513929
743    0.0342975738
744    0.0343445792
745    0.0343916009
746    0.0344386349
747    0.0344865015
748    0.0345343762
749    0.0345826795
750    0.0346309950
751    0.0346797309
752    0.0347288913
753    0.0347780639
754    0.0348276610
755    0.0348772703
756    0.0349272959
757    0.0349773378
758    0.0350277961
759    0.0350786747
760    0.0351291575
761    0.0351804606
762    0.0352313678
763    0.0352826913
764    0.0353344311
765    0.0353857668
766    0.0354375230
767    0.0354896913
768    0.0355414556
769    0.0355936362
770    0.0356458168
771    0.0356980056
772    0.0357501984
773    0.0358027994
774    0.0358554044
775    0.0359076054
776    0.0359602146
777    0.0360128237
778    0.0360650247
779    0.0361176339
780    0.0361702430
781    0.0362224440
782    0.0362750532
783    0.0363272460
784    0.0363794389
785    0.0364316317
786    0.0364834082
787    0.0365351807
788    0.0365869532
789    0.0366387134
790    0.0366900654
791    0.0367414053
792    0.0367927410
793    0.0368436605
794    0.0368941677
795    0.0369446627
796    0.0369947373
797    0.0370448078
798    0.0370944579
799    0.0371440958
800    0.0371933133
801    0.0372421145
802    0.0372908994
803    0.0373388598
804    0.0373868080
805    0.0374343399
806    0.0374818555
807    0.0375285466
808    0.0375752255
809    0.0376210799
810    0.0376669221
811    0.0377123439
812    0.0377569413
813    0.0378015264
814    0.0378456953
815    0.0378890396
816    0.0379323718
817    0.0379748795
818    0.0380169668
819    0.0380586378
820    0.0380998925
821    0.0381407309
822    0.0381807449
823    0.0382203385
824    0.0382595158
825    0.0382982767
826    0.0383362174
827    0.0383737376
828    0.0384108415
829    0.0384475292
830    0.0384833924
831    0.0385184352
832    0.0385530617
833    0.0385872679
834    0.0386206577
835    0.0386536272
836    0.0386861845
837    0.0387179173
838    0.0387488257
839    0.0387793219
840    0.0388094017
841    0.0388382531
842    0.0388670963
843    0.0388951191
844    0.0389223175
845    0.0389486955
846    0.0389746614
847    0.0390002109
848    0.0390249400
849    0.0390488488
850    0.0390719332
851    0.0390946094
852    0.0391164612
853    0.0391379007
854    0.0391585199
855    0.0391783228
856    0.0391977094
857    0.0392158716
858    0.0392340297
859    0.0392509594
860    0.0392674767
861    0.0392831779
862    0.0392980586
863    0.0393125312
864    0.0393261835
865    0.0393390195
866    0.0393510392
867    0.0393626466
868    0.0393734419
869    0.0393838250
870    0.0393929836
871    0.0394017341
872    0.0394096684
873    0.0394171945
874    0.0394239043
875    0.0394298019
876    0.0394352873
877    0.0394399605
878    0.0394438215
879    0.0394468662
880    0.0394495028
881    0.0394517353
882    0.0394531515
883    0.0394537596
884    0.0394535474
885    0.0394529352
886    0.0394519189
887    0.0394500864
888    0.0394474416
889    0.0394443969
890    0.0394409441
891    0.0394366831
892    0.0394316099
893    0.0394265408
894    0.0394202514
895    0.0394139661
896    0.0394068767
897    0.0393989710
898    0.0393910735
899    0.0393823679
900    0.0393728501
901    0.0393633405
902    0.0393530227
903    0.0393423009
904    0.0393311791
905    0.0393196533
906    0.0393073193
907    0.0392949894
908    0.0392818473
909    0.0392683053
910    0.0392543592
911    0.0392404171
912    0.0392256629
913    0.0392105087
914    0.0391949463
915    0.0391793881
916    0.0391630217
917    0.0391466553
918    0.0391294767
919    0.0391123022
920    0.0390947196
921    0.0390771451
922    0.0390587544
923    0.0390403636
924    0.0390215688
925    0.0390027781
926    0.0389835751
927    0.0389639722
928    0.0389439570
929    0.0389243541
930    0.0389039349
931    0.0388835157
932    0.0388631006
933    0.0388422732
934    0.0388214500
935    0.0388002145
936    0.0387789790
937    0.0387577476
938    0.0387361040
939    0.0387144563
940    0.0386928127
941    0.0386707568
942    0.0386487010
943    0.0386270492
944    0.0386049893
945    0.0385829253
946    0.0385604531
947    0.0385383850
948    0.0385163129
949    0.0384942407
950    0.0384717563
951    0.0384496760
952    0.0384275916
953    0.0384055031
954    0.0383834105
955    0.0383617261
956    0.0383396294
957    0.0383179327
958    0.0382962360
959    0.0382745353
960    0.0382532427
961    0.0382319419
962    0.0382106411
963    0.0381897403
964    0.0381688395
965    0.0381483427
966    0.0381278419
967    0.0381073370
968    0.0380872361
969    0.0380675434
970    0.0380478425
971    0.0380285498
972    0.0380092530
973    0.0379903602
974    0.0379714634
975    0.0379529706
976    0.0379348818
977    0.0379172013
978    0.0378995125
979    0.0378822319
980    0.0378653553
981    0.0378484747
982    0.0378324063
983    0.0378163337
984    0.0378006653
985    0.0377849927
986    0.0377701365
987    0.0377552720
988    0.0377412239
989    0.0377271716
990    0.0377135235
991    0.0377002793
992    0.0376874393
993    0.0376750033
994    0.0376625632
995    0.0376509394
996    0.0376397156
997    0.0376284917
998    0.0376180760
999    0.0376076603
1000    0.0375980568
1001    0.0375884492
1002    0.0375796538
1003    0.0375708543
1004    0.0375624589
1005    0.0375548798
1006    0.0375472965
1007    0.0375405255
1008    0.0375337504
1009    0.0375277916
1010    0.0375218286
1011    0.0375166820
1012    0.0375115313
1013    0.0375071969
1014    0.0375028583
1015    0.0374993320
1016    0.0374962138
1017    0.0374930956
1018    0.0374907897
1019    0.0374884837
1020    0.0374869940
1021    0.0374859083
1022    0.0374848227
1023    0.0374845533
1024    0.0374846921
1025    0.0374848308
1026    0.0374857818
1027    0.0374871450
1028    0.0374885041
1029    0.0374906795
1030    0.0374928589
1031    0.0374958506
1032    0.0374988463
1033    0.0375026543
1034    0.0375064663
1035    0.0375106864
1036    0.0375153147
1037    0.0375203512
1038    0.0375257998
1039    0.0375316566
1040    0.0375379216
1041    0.0375441865
1042    0.0375508637
1043    0.0375583612
1044    0.0375658587
1045    0.0375733562
1046    0.0375816741
1047    0.0375899920
1048    0.0375987221
1049    0.0376078644
1050    0.0376174148
1051    0.0376269694
1052    0.0376369321
1053    0.0376469029
1054    0.0376576859
1055    0.0376684771
1056    0.0376792683
1057    0.0376904718
1058    0.0377020833
1059    0.0377136949
1060    0.0377253146
1061    0.0377377465
1062    0.0377497785
1063    0.0377622145
1064    0.0377750668
1065    0.0377879150
1066    0.0378007673
1067    0.0378140318
1068    0.0378272923
1069    0.0378409690
1070    0.0378546417
1071    0.0378683184
1072    0.0378819952
1073    0.0378956760
1074    0.0379097650
1075    0.0379238539
1076    0.0379379429
1077    0.0379524441
1078    0.0379665371
1079    0.0379806302
1080    0.0379951314
1081    0.0380096325
1082    0.0380237297
1083    0.0380382349
1084    0.0380527361
1085    0.0380668332
1086    0.0380813385
1087    0.0380954356
1088    0.0381099450
1089    0.0381240421
1090    0.0381381392
1091    0.0381522364
1092    0.0381663335
1093    0.0381800225
1094    0.0381941237
1095    0.0382078127
1096    0.0382215017
1097    0.0382347784
1098    0.0382480593
1099    0.0382613401
1100    0.0382746169
1101    0.0382874896
1102    0.0383003583
1103    0.0383128187
1104    0.0383252792
1105    0.0383373275
1106    0.0383493799
1107    0.0383614281
1108    0.0383730683
1109    0.0383842962
1110    0.0383955282
1111    0.0384063479
1112    0.0384171677
1113    0.0384275793
1114    0.0384379910
1115    0.0384475822
1116    0.0384571735
1117    0.0384667607
1118    0.0384759438
1119    0.0384847147
1120    0.0384930775
1121    0.0385014362
1122    0.0385089786
1123    0.0385165210
1124    0.0385236553
1125    0.0385307855
1126    0.0385370953
1127    0.0385434092
1128    0.0385493109
1129    0.0385543923
1130    0.0385594777
1131    0.0385645590
1132    0.0385688200
1133    0.0385726728
1134    0.0385761175
1135    0.0385791500
1136    0.0385817743
1137    0.0385843946
1138    0.0385861985
1139    0.0385875944
1140    0.0385885780
1141    0.0385895575
1142    0.0385897208
1143    0.0385894759
1144    0.0385888188
1145    0.0385873413
1146    0.0385858639
1147    0.0385839783
1148    0.0385812723
1149    0.0385785623
1150    0.0385750359
1151    0.0385711015
1152    0.0385667548
1153    0.0385619959
1154    0.0385568288
1155    0.0385512496
1156    0.0385448540
1157    0.0385384585
1158    0.0385312426
1159    0.0385236145
1160    0.0385155782
1161    0.0385071338
1162    0.0384978731
1163    0.0384886084
1164    0.0384785233
1165    0.0384680341
1166    0.0384571327
1167    0.0384458191
1168    0.0384336933
1169    0.0384215634
1170    0.0384086172
1171    0.0383956710
1172    0.0383819045
1173    0.0383677298
1174    0.0383531470
1175    0.0383377479
1176    0.0383223488
1177    0.0383065375
1178    0.0382899140
1179    0.0382728782
1180    0.0382558425
1181    0.0382379905
1182    0.0382197304
1183    0.0382010621
1184    0.0381819856
1185    0.0381625011
1186    0.0381426084
1187    0.0381223075
1188    0.0381015985
1189    0.0380804773
1190    0.0380589521
1191    0.0380370187
1192    0.0380146771
1193    0.0379923397
1194    0.0379691819
1195    0.0379456159
1196    0.0379216459
1197    0.0378976718
1198    0.0378728855
1199    0.0378480992
1200    0.0378224966
1201    0.0377968981
1202    0.0377708874
1203    0.0377444727
1204    0.0377180579
1205    0.0376908309
1206    0.0376635999
1207    0.0376359648
1208    0.0376079174
1209    0.0375798742
1210    0.0375510147
1211    0.0375221592
1212    0.0374928916
1213    0.0374636280
1214    0.0374339563
1215    0.0374038764
1216    0.0373737966
1217    0.0373433086
1218    0.0373124165
1219    0.0372815204
1220    0.0372502202
1221    0.0372189200
1222    0.0371872116
1223    0.0371555033
1224    0.0371233868
1225    0.0370908622
1226    0.0370587498
1227    0.0370258171
1228    0.0369932965
1229    0.0369603679
1230    0.0369270311
1231    0.0368936942
1232    0.0368603574
1233    0.0368266125
1234    0.0367932757
1235    0.0367595307
1236    0.0367253817
1237    0.0366916368
1238    0.0366574878
1239    0.0366233347
1240    0.0365891857
1241    0.0365546285
1242    0.0365204795
1243    0.0364859183
1244    0.0364513611
1245    0.0364168040
1246    0.0363826550
1247    0.0363480978
1248    0.0363135407
1249    0.0362789836
1250    0.0362444264
1251    0.0362098693
1252    0.0361753121
1253    0.0361407590
1254    0.0361066100
1255    0.0360720529
1256    0.0360379039
1257    0.0360033467
1258    0.0359691977
1259    0.0359350487
1260    0.0359013079
1261    0.0358671589
1262    0.0358334180
1263    0.0357996771
1264    0.0357659362
1265    0.0357321913
1266    0.0356988586
1267    0.0356655258
1268    0.0356325972
1269    0.0355996726
1270    0.0355667439
1271    0.0355338152
1272    0.0355012947
1273    0.0354687742
1274    0.0354366618
1275    0.0354045494
1276    0.0353724329
1277    0.0353407287
1278    0.0353094285
1279    0.0352781283
1280    0.0352468281
1281    0.0352159360
1282    0.0351850440
1283    0.0351545560
1284    0.0351240721
1285    0.0350939922
1286    0.0350639123
1287    0.0350342406
1288    0.0350049729
1289    0.0349757053
1290    0.0349464417
1291    0.0349179862
1292    0.0348891267
1293    0.0348610794
1294    0.0348330361
1295    0.0348049847
1296    0.0347777537
1297    0.0347501145
1298    0.0347232875
1299    0.0346964564
1300    0.0346700376
1301    0.0346436147
1302    0.0346175999
1303    0.0345919932
1304    0.0345663866
1305    0.0345415921
1306    0.0345163895
1307    0.0344919991
1308    0.0344676128
1309    0.0344436305
1310    0.0344200564
1311    0.0343964811
1312    0.0343733135
1313    0.0343505528
1314    0.0343277912
1315    0.0343054370
1316    0.0342834902
1317    0.0342619510
1318    0.0342404107
1319    0.0342192780
1320    0.0341985527
1321    0.0341778270
1322    0.0341579168
1323    0.0341375980
1324    0.0341180946
1325    0.0340989986
1326    0.0340799026
1327    0.0340608058
1328    0.0340425248
1329    0.0340242434
1330    0.0340063698
1331    0.0339889035
1332    0.0339714371
1333    0.0339543786
1334    0.0339377277
1335    0.0339210769
1336    0.0339048337
1337    0.0338889983
1338    0.0338731625
1339    0.0338577353
1340    0.0338427154
1341    0.0338276958
1342    0.0338130840
1343    0.0337984718
1344    0.0337842682
1345    0.0337704727
1346    0.0337566767
1347    0.0337432890
1348    0.0337299016
1349    0.0337169224
1350    0.0337039427
1351    0.0336913716
1352    0.0336792091
1353    0.0336670461
1354    0.0336548836
1355    0.0336431292
1356    0.0336313752
1357    0.0336200293
1358    0.0336086834
1359    0.0335977457
1360    0.0335868080
1361    0.0335762788
1362    0.0335653419
1363    0.0335552209
1364    0.0335446921
1365    0.0335345715
1366    0.0335248590
1367    0.0335147388
1368    0.0335050267
1369    0.0334957227
1370    0.0334860111
1371    0.0334767075
1372    0.0334674040
1373    0.0334585090
1374    0.0334492059
1375    0.0334403109
1376    0.0334314163
1377    0.0334229299
1378    0.0334140357
1379    0.0334055493
1380    0.0333970637
1381    0.0333885776
1382    0.0333800920
1383    0.0333716064
1384    0.0333631212
1385    0.0333550441
1386    0.0333469670
1387    0.0333384822
1388    0.0333304056
1389    0.0333223293
1390    0.0333142530
1391    0.0333061768
1392    0.0332981009
1393    0.0332900251
1394    0.0332819496
1395    0.0332734661
1396    0.0332653906
1397    0.0332573156
1398    0.0332492405
1399    0.0332411659
1400    0.0332326832
1401    0.0332246089
1402    0.0332161266
1403    0.0332076442
1404    0.0331991623
1405    0.0331906803
1406    0.0331821984
1407    0.0331737164
1408    0.0331648267
1409    0.0331559367
1410    0.0331470470
1411    0.0331381573
1412    0.0331288595
1413    0.0331195617
1414    0.0331102638
1415    0.0331009656
1416    0.0330912597
1417    0.0330815533
1418    0.0330714388
1419    0.0330613243
1420    0.0330512098
1421    0.0330406867
1422    0.0330301637
1423    0.0330196406
1424    0.0330087090
1425    0.0329977770
1426    0.0329864369
1427    0.0329750967
1428    0.0329633480
1429    0.0329515989
1430    0.0329394417
1431    0.0329272840
1432    0.0329147178
1433    0.0329021512
1434    0.0328895846
1435    0.0328762009
1436    0.0328632253
1437    0.0328494331
1438    0.0328356404
1439    0.0328218474
1440    0.0328076458
1441    0.0327930352
1442    0.0327784246
1443    0.0327638132
1444    0.0327483852
1445    0.0327329567
1446    0.0327175278
1447    0.0327016900
1448    0.0326854436
1449    0.0326691968
1450    0.0326525410
1451    0.0326354767
1452    0.0326184116
1453    0.0326009379
1454    0.0325834635
1455    0.0325655804
1456    0.0325472889
1457    0.0325289965
1458    0.0325102959
1459    0.0324911865
1460    0.0324720762
1461    0.0324525577
1462    0.0324330385
1463    0.0324131107
1464    0.0323927747
1465    0.0323724380
1466    0.0323516926
1467    0.0323305388
1468    0.0323093845
1469    0.0322878217
1470    0.0322658504
1471    0.0322438790
1472    0.0322214987
1473    0.0321991184
1474    0.0321763295
1475    0.0321531321
1476    0.0321299343
1477    0.0321063283
1478    0.0320823138
1479    0.0320582989
1480    0.0320338759
1481    0.0320090443
1482    0.0319842127
1483    0.0319589725
1484    0.0319337320
1485    0.0319080833
1486    0.0318820265
1487    0.0318559692
1488    0.0318295038
1489    0.0318026303
1490    0.0317757564
1491    0.0317484743
1492    0.0317211919
1493    0.0316935012
1494    0.0316654029
1495    0.0316373041
1496    0.0316087969
1497    0.0315802900
1498    0.0315513749
1499    0.0315220514
1500    0.0314927282
1501    0.0314634511
1502    0.0314332488
1503    0.0314034547
1504    0.0313732524
1505    0.0313426419
1506    0.0313120315
1507    0.0312810129
1508    0.0312499943
1509    0.0312189758
1510    0.0311871409
1511    0.0311557142
1512    0.0311238793
1513    0.0310916363
1514    0.0310593933
1515    0.0310271503
1516    0.0309944992
1517    0.0309618481
1518    0.0309291969
1519    0.0308961376
1520    0.0308626702
1521    0.0308296110
1522    0.0307961435
1523    0.0307622680
1524    0.0307288006
1525    0.0306949250
1526    0.0306610495
1527    0.0306267658
1528    0.0305924821
1529    0.0305581984
1530    0.0305239147
1531    0.0304896310
1532    0.0304549392
1533    0.0304202473
1534    0.0303855555
1535    0.0303508637
1536    0.0303157637
1537    0.0302806637
1538    0.0302459719
1539    0.0302108719
1540    0.0301757719
1541    0.0301402638
1542    0.0301051639
1543    0.0300700639
1544    0.0300345558
1545    0.0299994558
1546    0.0299639477
1547    0.0299284396
1548    0.0298929315
1549    0.0298578315
1550    0.0298223234
1551    0.0297868153
1552    0.0297513072
1553    0.0297157991
1554    0.0296802910
1555    0.0296447828
1556    0.0296092747
1557    0.0295737666
1558    0.0295386667
1559    0.0295031585
1560    0.0294676504
1561    0.0294321423
1562    0.0293970424
1563    0.0293615342
1564    0.0293264343
1565    0.0292909262
1566    0.0292558262
1567    0.0292207262
1568    0.0291856262
1569    0.0291505263
1570    0.0291154263
1571    0.0290803263
1572    0.0290456345
1573    0.0290109427
1574    0.0289758427
1575    0.0289411509
1576    0.0289068672
1577    0.0288721753
1578    0.0288378916
1579    0.0288036080
1580    0.0287693243
1581    0.0287350406
1582    0.0287011650
1583    0.0286672895
1584    0.0286334139
1585    0.0285999465
1586    0.0285660709
1587    0.0285326035
1588    0.0284995442
1589    0.0284664850
1590    0.0284334257
1591    0.0284003664
1592    0.0283677153
1593    0.0283350641
1594    0.0283024130
1595    0.0282701700
1596    0.0282383352
1597    0.0282060922
1598    0.0281742573
1599    0.0281428306
1600    0.0281109957
1601    0.0280799771
1602    0.0280485504
1603    0.0280175318
1604    0.0279869214
1605    0.0279563110
1606    0.0279257005
1607    0.0278954982
1608    0.0278652959
1609    0.0278355018
1610    0.0278057076
1611    0.0277763216
1612    0.0277469356
1613    0.0277175495
1614    0.0276885716
1615    0.0276600019
1616    0.0276314322
1617    0.0276028624
1618    0.0275747008
1619    0.0275465392
1620    0.0275187857
1621    0.0274910323
1622    0.0274632788
1623    0.0274359335
1624    0.0274089963
1625    0.0273820591
1626    0.0273551219
1627    0.0273285929
1628    0.0273020638
1629    0.0272759429
1630    0.0272498220
1631    0.0272237011
1632    0.0271979883
1633    0.0271726837
1634    0.0271469709
1635    0.0271216663
1636    0.0270967698
1637    0.0270718733
1638    0.0270473850
1639    0.0270224885
1640    0.0269984083
1641    0.0269739199
1642    0.0269498397
1643    0.0269261676
1644    0.0269024955
1645    0.0268788235
1646    0.0268555595
1647    0.0268322956
1648    0.0268090317
1649    0.0267861759
1650    0.0267633201
1651    0.0267408724
1652    0.0267184248
1653    0.0266959771
1654    0.0266739376
1655    0.0266518981
1656    0.0266302667
1657    0.0266086353
1658    0.0265870039
1659    0.0265653726
1660    0.0265441493
1661    0.0265233342
1662    0.0265021110
1663    0.0264812959
1664    0.0264608889
1665    0.0264404820
1666    0.0264200750
1667    0.0263996680
1668    0.0263796692
1669    0.0263596704
1670    0.0263396716
1671    0.0263200809
1672    0.0263004902
1673    0.0262808995
1674    0.0262617170
1675    0.0262425345
1676    0.0262233519
1677    0.0262041694
1678    0.0261853950
1679    0.0261666206
1680    0.0261478462
1681    0.0261294799
1682    0.0261111136
1683    0.0260927474
1684    0.0260743811
1685    0.0260560148
1686    0.0260380567
1687    0.0260196904
1688    0.0260017323
1689    0.0259837742
1690    0.0259662242
1691    0.0259482661
1692    0.0259307161
1693    0.0259127580
1694    0.0258952080
1695    0.0258776580
1696    0.0258601080
1697    0.0258425580
1698    0.0258250080
1699    0.0258078662
1700    0.0257903162
1701    0.0257727662
1702    0.0257556244
1703    0.0257380744
1704    0.0257209326
1705    0.0257033826
1706    0.0256862407
1707    0.0256686907
1708    0.0256515489
1709    0.0256339989
1710    0.0256168571
1711    0.0255993071
1712    0.0255817571
1713    0.0255646152
1714    0.0255470653
1715    0.0255295153
1716    0.0255123734
1717    0.0254948234
1718    0.0254772734
1719    0.0254597235
1720    0.0254421735
1721    0.0254246235
1722    0.0254066654
1723    0.0253891154
1724    0.0253715654
1725    0.0253536073
1726    0.0253356491
1727    0.0253180992
1728    0.0253001410
1729    0.0252821829
1730    0.0252642248
1731    0.0252458585
1732    0.0252279004
1733    0.0252099423
1734    0.0251915760
1735    0.0251732097
1736    0.0251548435
1737    0.0251364772
1738    0.0251181110
1739    0.0250997447
1740    0.0250809703
1741    0.0250621959
1742    0.0250438296
1743    0.0250250552
1744    0.0250058727
1745    0.0249870983
1746    0.0249679157
1747    0.0249491413
1748    0.0249299588
1749    0.0249103681
1750    0.0248911856
1751    0.0248715949
1752    0.0248524123
1753    0.0248328216
1754    0.0248128228
1755    0.0247932321
1756    0.0247732333
1757    0.0247532345
1758    0.0247332357
1759    0.0247128287
1760    0.0246928299
1761    0.0246724229
1762    0.0246516078
1763    0.0246312009
1764    0.0246103858
1765    0.0245895707
1766    0.0245687556
1767    0.0245475323
1768    0.0245263091
1769    0.0245050859
1770    0.0244834545
1771    0.0244618231
1772    0.0244401917
1773    0.0244181522
1774    0.0243961127
1775    0.0243740732
1776    0.0243520337
1777    0.0243295860
1778    0.0243071384
1779    0.0242842826
1780    0.0242614268
1781    0.0242385710
1782    0.0242157152
1783    0.0241924512
1784    0.0241691873
1785    0.0241459234
1786    0.0241222513
1787    0.0240985792
1788    0.0240749071
1789    0.0240508269
1790    0.0240267467
1791    0.0240026665
1792    0.0239781782
1793    0.0239540979
1794    0.0239296096
1795    0.0239047131
1796    0.0238802247
1797    0.0238553283
1798    0.0238300236
1799    0.0238051271
1800    0.0237798225
1801    0.0237545179
1802    0.0237292132
1803    0.0237035005
1804    0.0236781958
1805    0.0236524831
1806    0.0236267703
1807    0.0236006494
1808    0.0235745285
1809    0.0235488157
1810    0.0235222867
1811    0.0234961658
1812    0.0234700448
1813    0.0234435158
1814    0.0234169868
1815    0.0233904577
1816    0.0233639287
1817    0.0233369915
1818    0.0233100543
1819    0.0232835252
1820    0.0232565880
1821    0.0232292427
1822    0.0232023055
1823    0.0231749602
1824    0.0231480230
1825    0.0231206777
1826    0.0230933324
1827    0.0230659870
1828    0.0230382336
1829    0.0230108882
1830    0.0229831348
1831    0.0229553813
1832    0.0229276278
1833    0.0228998744
1834    0.0228721209
1835    0.0228439593
1836    0.0228162058
1837    0.0227880442
1838    0.0227598826
1839    0.0227317210
1840    0.0227035594
1841    0.0226749897
1842    0.0226468281
1843    0.0226182583
1844    0.0225900967
1845    0.0225615270
1846    0.0225329572
1847    0.0225043875
1848    0.0224758178
1849    0.0224472480
1850    0.0224182701
1851    0.0223897004
1852    0.0223607225
1853    0.0223321528
1854    0.0223031749
1855    0.0222741970
1856    0.0222456272
1857    0.0222166494
1858    0.0221876715
1859    0.0221586936
1860    0.0221297157
1861    0.0221007378
1862    0.0220717599
1863    0.0220427821
1864    0.0220138042
1865    0.0219848263
1866    0.0219558484
1867    0.0219272787
1868    0.0218983008
1869    0.0218693229
1870    0.0218403450
1871    0.0218113671
1872    0.0217827974
1873    0.0217538195
1874    0.0217252498
1875    0.0216962719
1876    0.0216677021
1877    0.0216391324
1878    0.0216105626
1879    0.0215819929
1880    0.0215534232
1881    0.0215248534
1882    0.0214966918
1883    0.0214681221
1884    0.0214399605
1885    0.0214117989
1886    0.0213836372
1887    0.0213554756
1888    0.0213273140
1889    0.0212995606
1890    0.0212718071
1891    0.0212436455
1892    0.0212158920
1893    0.0211885467
1894    0.0211607932
1895    0.0211330398
1896    0.0211056944
1897    0.0210783491
1898    0.0210510038
1899    0.0210236585
1900    0.0209967213
1901    0.0209693760
1902    0.0209424388
1903    0.0209155016
1904    0.0208885644
1905    0.0208616272
1906    0.0208346900
1907    0.0208081610
1908    0.0207816319
1909    0.0207551029
1910    0.0207285738
1911    0.0207020448
1912    0.0206759239
1913    0.0206493948
1914    0.0206232739
1915    0.0205971530
1916    0.0205710321
1917    0.0205449112
1918    0.0205191984
1919    0.0204934856
1920    0.0204673647
1921    0.0204420601
1922    0.0204163473
1923    0.0203906346
1924    0.0203653299
1925    0.0203400253
1926    0.0203147207
1927    0.0202894160
1928    0.0202641114
1929    0.0202392149
1930    0.0202139103
1931    0.0201890138
1932    0.0201645254
1933    0.0201396290
1934    0.0201151406
1935    0.0200906523
1936    0.0200661639
1937    0.0200416755
1938    0.0200175953
1939    0.0199935151
1940    0.0199694349
1941    0.0199453547
1942    0.0199216826
1943    0.0198976024
1944    0.0198743385
1945    0.0198506664
1946    0.0198274025
1947    0.0198037304
1948    0.0197808746
1949    0.0197576107
1950    0.0197347549
1951    0.0197118991
1952    0.0196890433
1953    0.0196665956
1954    0.0196437398
1955    0.0196217003
1956    0.0195992527
1957    0.0195768050
1958    0.0195547655
1959    0.0195327260
1960    0.0195110946
1961    0.0194890551
1962    0.0194674237
1963    0.0194457923
1964    0.0194245691
1965    0.0194029377
1966    0.0193817145
1967    0.0193604912
1968    0.0193396761
1969    0.0193184529
1970    0.0192976378
1971    0.0192768227
1972    0.0192560076
1973    0.0192351925
1974    0.0192143774
1975    0.0191939704
1976    0.0191735635
1977    0.0191527484
1978    0.0191327495
1979    0.0191123426
1980    0.0190919356
1981    0.0190715287
1982    0.0190515298
1983    0.0190315310
1984    0.0190115322
1985    0.0189915334
1986    0.0189715346
1987    0.0189515357
1988    0.0189315369
1989    0.0189115381
1990    0.0188919474
1991    0.0188719486
1992    0.0188523579
1993    0.0188327672
1994    0.0188127684
1995    0.0187931777
1996    0.0187735870
1997    0.0187539964
1998    0.0187348138
1999    0.0187152231
2000    0.0186956325
2001    0.0186760418
2002    0.0186568592
2003    0.0186372686
2004    0.0186180860
2005    0.0185989035
2006    0.0185797209
2007    0.0185605384
2008    0.0185413558
2009    0.0185221733
2010    0.0185029908
2011    0.0184838082
2012    0.0184650338
2013    0.0184458513
2014    0.0184270769
2015    0.0184083025
2016    0.0183891199
2017    0.0183703455
2018    0.0183515711
2019    0.0183327967
2020    0.0183144304
2021    0.0182956560
2022    0.0182768816
2023    0.0182585154
2024    0.0182397410
2025    0.0182213747
2026    0.0182030084
2027    0.0181846422
2028    0.0181662759
2029    0.0181475015
2030    0.0181291352
2031    0.0181111771
2032    0.0180928109
2033    0.0180744446
2034    0.0180560783
2035    0.0180377121
2036    0.0180193458
2037    0.0180009795
2038    0.0179830214
2039    0.0179646551
2040    0.0179462889
2041    0.0179279226
2042    0.0179095564
2043    0.0178911901
2044    0.0178728238
2045    0.0178544576
2046    0.0178360913
2047    0.0178177250
2048    0.0177993588
2049    0.0177809925
2050    0.0177622181
2051    0.0177438518
2052    0.0177250774
2053    0.0177063030
2054    0.0176875286
2055    0.0176687542
2056    0.0176499798
2057    0.0176312054
2058    0.0176124310
2059    0.0175932485
2060    0.0175744741
2061    0.0175552915
2062    0.0175361090
2063    0.0175169264
2064    0.0174977439
2065    0.0174785614
2066    0.0174593788
2067    0.0174397881
2068    0.0174206056
2069    0.0174010149
2070    0.0173814242
2071    0.0173618335
2072    0.0173422429
2073    0.0173226522
2074    0.0173030615
2075    0.0172834708
2076    0.0172638801
2077    0.0172438813
2078    0.0172242906
2079    0.0172042918
2080    0.0171842930
2081    0.0171647023
2082    0.0171447035
2083    0.0171247047
2084    0.0171047058
2085    0.0170847070
2086    0.0170651163
2087    0.0170451175
2088    0.0170251187
2089    0.0170051199
2090    0.0169847129
2091    0.0169647141
2092    0.0169447153
2093    0.0169247165
2094    0.0169047176
2095    0.0168847188
2096    0.0168643119
2097    0.0168443130
2098    0.0168243142
2099    0.0168039073
2100    0.0167839084
