2    0.0018740845
3    0.0019829216
4    0.0017877404
5    0.0014426814
6    0.0010764898
7    0.0007685715
8    0.0005501263
9    0.0004213085
10    0.0003664501
11    0.0003651667
12    0.0003988518
13    0.0004544857
14    0.0005217379
15    0.0005960193
16    0.0006746995
17    0.0007567808
18    0.0008418551
19    0.0009296958
20    0.0010203480
21    0.0011135851
22    0.0012093165
23    0.0013073152
24    0.0014074000
25    0.0015093895
26    0.0016131929
27    0.0017187195
28    0.0018260148
29    0.0019349880
30    0.0020455937
31    0.0021576506
32    0.0022709772
33    0.0023854376
34    0.0025008049
35    0.0026167165
36    0.0027328548
37    0.0028494012
38    0.0029666278
39    0.0030842173
40    0.0032017613
41    0.0033188519
42    0.0034354437
43    0.0035513552
44    0.0036665412
45    0.0037809109
46    0.0038943736
47    0.0040067933
48    0.0041179885
49    0.0042278233
50    0.0043361616
51    0.0044428220
52    0.0045475777
53    0.0046509730
54    0.0047521008
55    0.0048509612
56    0.0049484611
57    0.0050432401
58    0.0051357516
59    0.0052259957
60    0.0053139724
61    0.0053992282
62    0.0054813095
63    0.0055611234
64    0.0056382163
65    0.0057125884
66    0.0057837860
67    0.0058522627
68    0.0059180184
69    0.0059801463
70    0.0060395532
71    0.0060957857
72    0.0061488438
73    0.0061987275
74    0.0062454368
75    0.0062889716
76    0.0063293321
77    0.0063665181
78    0.0064005297
79    0.0064318203
80    0.0064594831
81    0.0064839715
82    0.0065048319
83    0.0065229714
84    0.0065379365
85    0.0065497272
86    0.0065578900
87    0.0065633319
88    0.0065655993
89    0.0065646923
90    0.0065606109
91    0.0065533551
92    0.0065433784
93    0.0065302272
94    0.0065143552
95    0.0064953087
96    0.0064739947
97    0.0064495064
98    0.0064227506
99    0.0063932739
100    0.0063610762
101    0.0063266111
102    0.0062898786
103    0.0062504251
104    0.0062091577
105    0.0061656229
106    0.0061198206
107    0.0060717509
108    0.0060218672
109    0.0059701696
110    0.0059166580
111    0.0058608790
112    0.0058037395
113    0.0057447860
114    0.0056840186
115    0.0056223443
116    0.0055588559
117    0.0054940072
118    0.0054277979
119    0.0053606817
120    0.0052922050
121    0.0052232748
122    0.0051529842
123    0.0050817866
124    0.0050096820
125    0.0049371239
126    0.0048641123
127    0.0047901938
128    0.0047162752
129    0.0046414497
130    0.0045666242
131    0.0044917533
132    0.0044165650
133    0.0043412860
134    0.0042660070
135    0.0041907280
136    0.0041155397
137    0.0040404874
138    0.0039656619
139    0.0038910631
140    0.0038168271
141    0.0037429539
142    0.0036695342
143    0.0035966134
144    0.0035242367
145    0.0034524949
146    0.0033813879
147    0.0033110520
148    0.0032414869
149    0.0031727835
150    0.0031050324
151    0.0030381882
152    0.0029723418
153    0.0029075383
154    0.0028437326
155    0.0027810152
156    0.0027193408
157    0.0026587548
158    0.0025992572
159    0.0025408933
160    0.0024837084
161    0.0024276573
162    0.0023728306
163    0.0023191830
164    0.0022667598
165    0.0022156063
166    0.0021657227
167    0.0021171087
168    0.0020697646
169    0.0020238263
170    0.0019791577
171    0.0019358949
172    0.0018939926
173    0.0018535415
174    0.0018144962
175    0.0017768567
176    0.0017407137
177    0.0017059765
178    0.0016726905
179    0.0016407649
180    0.0016102452
181    0.0015809952
182    0.0015531057
183    0.0015265313
184    0.0015011813
185    0.0014771011
186    0.0014542000
187    0.0014325233
188    0.0014119802
189    0.0013926163
190    0.0013743861
191    0.0013571989
192    0.0013411001
193    0.0013260443
194    0.0013119861
195    0.0012989710
196    0.0012868629
197    0.0012757524
198    0.0012655490
199    0.0012562071
200    0.0012477722
201    0.0012401536
202    0.0012333513
203    0.0012273653
204    0.0012221502
205    0.0012176606
206    0.0012138967
207    0.0012108130
208    0.0012084095
209    0.0012066409
210    0.0012054618
211    0.0012049176
212    0.0012048723
213    0.0012054165
214    0.0012064141
215    0.0012079560
216    0.0012099060
217    0.0012123095
218    0.0012151211
219    0.0012182955
220    0.0012218327
221    0.0012256874
222    0.0012298595
223    0.0012343036
224    0.0012390199
225    0.0012439176
226    0.0012490420
227    0.0012543478
228    0.0012597897
229    0.0012653222
230    0.0012709908
231    0.0012767048
232    0.0012824641
233    0.0012882687
234    0.0012940280
235    0.0012997873
236    0.0013054559
237    0.0013110792
238    0.0013165210
239    0.0013218722
240    0.0013270873
241    0.0013320757
242    0.0013368373
243    0.0013413722
244    0.0013456803
245    0.0013496256
246    0.0013532989
247    0.0013566094
248    0.0013595570
249    0.0013620966
250    0.0013642280
251    0.0013659059
252    0.0013671756
253    0.0013679919
254    0.0013684000
255    0.0013683547
256    0.0013679466
257    0.0013671303
258    0.0013659059
259    0.0013643187
260    0.0013623687
261    0.0013600559
262    0.0013573803
263    0.0013543419
264    0.0013509861
265    0.0013473129
266    0.0013432768
267    0.0013389687
268    0.0013343884
269    0.0013294454
270    0.0013242757
271    0.0013187885
272    0.0013130292
273    0.0013070431
274    0.0013007850
275    0.0012943001
276    0.0012875885
277    0.0012806048
278    0.0012734397
279    0.0012660932
280    0.0012585199
281    0.0012507199
282    0.0012427839
283    0.0012346664
284    0.0012263676
285    0.0012179327
286    0.0012093165
287    0.0012006095
288    0.0011917211
289    0.0011827421
290    0.0011736270
291    0.0011644211
292    0.0011551246
293    0.0011457374
294    0.0011362595
295    0.0011267363
296    0.0011171223
297    0.0011074631
298    0.0010977584
299    0.0010880084
300    0.0010782584
301    0.0010684631
302    0.0010586677
303    0.0010488271
304    0.0010390317
305    0.0010291910
306    0.0010193957
307    0.0010096003
308    0.0009998503
309    0.0009901004
310    0.0009803504
311    0.0009706911
312    0.0009610771
313    0.0009514632
314    0.0009419399
315    0.0009324620
316    0.0009230295
317    0.0009136876
318    0.0009044365
319    0.0008952760
320    0.0008861609
321    0.0008771818
322    0.0008682481
323    0.0008594505
324    0.0008507888
325    0.0008421726
326    0.0008337377
327    0.0008253935
328    0.0008172307
329    0.0008091586
330    0.0008012680
331    0.0007935133
332    0.0007858947
333    0.0007784575
334    0.0007711563
335    0.0007640366
336    0.0007571436
337    0.0007503866
338    0.0007438110
339    0.0007374622
340    0.0007312948
341    0.0007253541
342    0.0007195948
343    0.0007140622
344    0.0007087564
345    0.0007036773
346    0.0006988704
347    0.0006942448
348    0.0006898913
349    0.0006858099
350    0.0006819553
351    0.0006783727
352    0.0006750169
353    0.0006719332
354    0.0006690762
355    0.0006664913
356    0.0006640878
357    0.0006619111
358    0.0006599611
359    0.0006582378
360    0.0006566506
361    0.0006552902
362    0.0006541111
363    0.0006530681
364    0.0006522518
365    0.0006515716
366    0.0006510274
367    0.0006506192
368    0.0006503925
369    0.0006502564
370    0.0006502564
371    0.0006503925
372    0.0006506192
373    0.0006509367
374    0.0006513448
375    0.0006518437
376    0.0006524332
377    0.0006530681
378    0.0006537937
379    0.0006545646
380    0.0006553809
381    0.0006562425
382    0.0006571495
383    0.0006580564
384    0.0006590088
385    0.0006599611
386    0.0006609588
387    0.0006619111
388    0.0006628634
389    0.0006637704
390    0.0006646774
391    0.0006655843
392    0.0006664006
393    0.0006672169
394    0.0006679425
395    0.0006686227
396    0.0006692122
397    0.0006697564
398    0.0006702099
399    0.0006705727
400    0.0006707995
401    0.0006709808
402    0.0006710262
403    0.0006709808
404    0.0006707995
405    0.0006705727
406    0.0006702099
407    0.0006697564
408    0.0006692122
409    0.0006685774
410    0.0006678518
411    0.0006669902
412    0.0006660832
413    0.0006650855
414    0.0006639518
415    0.0006627727
416    0.0006615029
417    0.0006601425
418    0.0006586913
419    0.0006571948
420    0.0006555623
421    0.0006538844
422    0.0006521157
423    0.0006502564
424    0.0006483518
425    0.0006463565
426    0.0006443158
427    0.0006421390
428    0.0006399169
429    0.0006376495
430    0.0006352913
431    0.0006328879
432    0.0006303937
433    0.0006278541
434    0.0006252239
435    0.0006225483
436    0.0006198274
437    0.0006170158
438    0.0006141588
439    0.0006112565
440    0.0006082635
441    0.0006052251
442    0.0006021867
443    0.0005990123
444    0.0005958379
445    0.0005926181
446    0.0005893530
447    0.0005859972
448    0.0005826414
449    0.0005791949
450    0.0005757484
451    0.0005722565
452    0.0005686740
453    0.0005650914
454    0.0005615088
455    0.0005578356
456    0.0005541623
457    0.0005504437
458    0.0005467251
459    0.0005430065
460    0.0005392426
461    0.0005354333
462    0.0005316693
463    0.0005278600
464    0.0005240507
465    0.0005202414
466    0.0005164321
467    0.0005126228
468    0.0005088589
469    0.0005050496
470    0.0005012856
471    0.0004975217
472    0.0004937577
473    0.0004900391
474    0.0004863205
475    0.0004826019
476    0.0004789740
477    0.0004753461
478    0.0004717182
479    0.0004681810
480    0.0004646438
481    0.0004611973
482    0.0004577508
483    0.0004543496
484    0.0004510210
485    0.0004477332
486    0.0004445044
487    0.0004413300
488    0.0004382191
489    0.0004351716
490    0.0004321922
491    0.0004292808
492    0.0004264420
493    0.0004236757
494    0.0004209911
495    0.0004183835
496    0.0004158621
497    0.0004134269
498    0.0004110778
499    0.0004088194
500    0.0004066608
501    0.0004045929
502    0.0004026248
503    0.0004007473
504    0.0003989606
505    0.0003972600
506    0.0003956456
507    0.0003941174
508    0.0003926662
509    0.0003912967
510    0.0003900042
511    0.0003887798
512    0.0003876325
513    0.0003865532
514    0.0003855374
515    0.0003845896
516    0.0003837053
517    0.0003828754
518    0.0003821090
519    0.0003813925
520    0.0003807304
521    0.0003801227
522    0.0003795604
523    0.0003790434
524    0.0003785673
525    0.0003781364
526    0.0003777419
527    0.0003773882
528    0.0003770617
529    0.0003767714
530    0.0003765084
531    0.0003762771
532    0.0003760640
533    0.0003758781
534    0.0003757103
535    0.0003755606
536    0.0003754246
537    0.0003753021
538    0.0003751933
539    0.0003750890
540    0.0003749938
541    0.0003748985
542    0.0003748078
543    0.0003747171
544    0.0003746219
545    0.0003745176
546    0.0003744088
547    0.0003742863
548    0.0003741548
549    0.0003740052
550    0.0003738419
551    0.0003736560
552    0.0003734519
553    0.0003732252
554    0.0003729803
555    0.0003727173
556    0.0003724270
557    0.0003721232
558    0.0003717921
559    0.0003714430
560    0.0003710711
561    0.0003706766
562    0.0003702593
563    0.0003698240
564    0.0003693614
565    0.0003688807
566    0.0003683728
567    0.0003678468
568    0.0003672935
569    0.0003667176
570    0.0003661190
571    0.0003654977
572    0.0003648492
573    0.0003641781
574    0.0003634842
575    0.0003627632
576    0.0003620195
577    0.0003612485
578    0.0003604549
579    0.0003596341
580    0.0003587861
581    0.0003579154
582    0.0003570175
583    0.0003560924
584    0.0003551401
585    0.0003541605
586    0.0003531583
587    0.0003521244
588    0.0003510677
589    0.0003499794
590    0.0003488683
591    0.0003477255
592    0.0003465555
593    0.0003453583
594    0.0003441294
595    0.0003428732
596    0.0003415898
597    0.0003402747
598    0.0003389324
599    0.0003375629
600    0.0003361616
601    0.0003347286
602    0.0003332683
603    0.0003317809
604    0.0003302662
605    0.0003287289
606    0.0003271689
607    0.0003255862
608    0.0003239809
609    0.0003223574
610    0.0003207203
611    0.0003190606
612    0.0003173917
613    0.0003157047
614    0.0003140042
615    0.0003122945
616    0.0003105758
617    0.0003088480
618    0.0003071157
619    0.0003053743
620    0.0003036284
621    0.0003018824
622    0.0003001320
623    0.0002983815
624    0.0002966310
625    0.0002948851
626    0.0002931437
627    0.0002914023
628    0.0002896700
629    0.0002879467
630    0.0002862326
631    0.0002845274
632    0.0002828359
633    0.0002811535
634    0.0002794892
635    0.0002778385
636    0.0002762059
637    0.0002745915
638    0.0002729998
639    0.0002714262
640    0.0002698707
641    0.0002683470
642    0.0002668414
643    0.0002653676
644    0.0002639209
645    0.0002625015
646    0.0002611139
647    0.0002597579
648    0.0002584337
649    0.0002571458
650    0.0002558942
651    0.0002546743
652    0.0002534953
653    0.0002523525
654    0.0002512460
655    0.0002501712
656    0.0002491282
657    0.0002481214
658    0.0002471464
659    0.0002462032
660    0.0002452917
661    0.0002444074
662    0.0002435548
663    0.0002427295
664    0.0002419313
665    0.0002411649
666    0.0002404212
667    0.0002397047
668    0.0002390109
669    0.0002383442
670    0.0002377003
671    0.0002370790
672    0.0002364804
673    0.0002359045
674    0.0002353467
675    0.0002348116
676    0.0002342946
677    0.0002337957
678    0.0002333150
679    0.0002328525
680    0.0002324081
681    0.0002319773
682    0.0002315646
683    0.0002311655
684    0.0002307755
685    0.0002304036
686    0.0002300409
687    0.0002296917
688    0.0002293516
689    0.0002290250
690    0.0002287076
691    0.0002283947
692    0.0002280954
693    0.0002278006
694    0.0002275104
695    0.0002272292
696    0.0002269526
697    0.0002266805
698    0.0002264084
699    0.0002261454
700    0.0002258824
701    0.0002256194
702    0.0002253609
703    0.0002250978
704    0.0002248394
705    0.0002245809
706    0.0002243224
707    0.0002240639
708    0.0002238054
709    0.0002235424
710    0.0002232794
711    0.0002230163
712    0.0002227488
713    0.0002224767
714    0.0002222046
715    0.0002219280
716    0.0002216468
717    0.0002213656
718    0.0002210754
719    0.0002207806
720    0.0002204813
721    0.0002201775
722    0.0002198646
723    0.0002195517
724    0.0002192252
725    0.0002188941
726    0.0002185585
727    0.0002182139
728    0.0002178556
729    0.0002174974
730    0.0002171255
731    0.0002167446
732    0.0002163546
733    0.0002159510
734    0.0002155428
735    0.0002151211
736    0.0002146903
737    0.0002142459
738    0.0002137878
739    0.0002133208
740    0.0002128401
741    0.0002123503
742    0.0002118424
743    0.0002113209
744    0.0002107903
745    0.0002102416
746    0.0002096792
747    0.0002090988
748    0.0002085092
749    0.0002078970
750    0.0002072712
751    0.0002066318
752    0.0002059743
753    0.0002053031
754    0.0002046138
755    0.0002039109
756    0.0002031989
757    0.0002024688
758    0.0002017296
759    0.0002009768
760    0.0002002104
761    0.0001994395
762    0.0001986550
763    0.0001978614
764    0.0001970587
765    0.0001962515
766    0.0001954307
767    0.0001946053
768    0.0001937754
769    0.0001929365
770    0.0001920975
771    0.0001912495
772    0.0001903969
773    0.0001895444
774    0.0001886873
775    0.0001878257
776    0.0001869640
777    0.0001861024
778    0.0001852408
779    0.0001843792
780    0.0001835175
781    0.0001826559
782    0.0001817943
783    0.0001809417
784    0.0001800892
785    0.0001792366
786    0.0001783931
787    0.0001775542
788    0.0001767152
789    0.0001758899
790    0.0001750645
791    0.0001742528
792    0.0001734456
793    0.0001726474
794    0.0001718538
795    0.0001710738
796    0.0001703074
797    0.0001695456
798    0.0001687973
799    0.0001680627
800    0.0001673416
801    0.0001666296
802    0.0001659358
803    0.0001652510
804    0.0001645799
805    0.0001639178
806    0.0001632738
807    0.0001626389
808    0.0001620177
809    0.0001614055
810    0.0001608068
811    0.0001602218
812    0.0001596459
813    0.0001590836
814    0.0001585303
815    0.0001579862
816    0.0001574556
817    0.0001569341
818    0.0001564262
819    0.0001559273
820    0.0001554375
821    0.0001549569
822    0.0001544852
823    0.0001540272
824    0.0001535782
825    0.0001531384
826    0.0001527030
827    0.0001522813
828    0.0001518686
829    0.0001514650
830    0.0001510705
831    0.0001506805
832    0.0001502995
833    0.0001499322
834    0.0001495649
835    0.0001492112
836    0.0001488620
837    0.0001485219
838    0.0001481908
839    0.0001478643
840    0.0001475469
841    0.0001472339
842    0.0001469301
843    0.0001466308
844    0.0001463406
845    0.0001460549
846    0.0001457737
847    0.0001455016
848    0.0001452341
849    0.0001449710
850    0.0001447171
851    0.0001444631
852    0.0001442183
853    0.0001439779
854    0.0001437421
855    0.0001435063
856    0.0001432795
857    0.0001430528
858    0.0001428306
859    0.0001426129
860    0.0001423998
861    0.0001421866
862    0.0001419780
863    0.0001417694
864    0.0001415653
865    0.0001413613
866    0.0001411572
867    0.0001409577
868    0.0001407536
869    0.0001405541
870    0.0001403545
871    0.0001401550
872    0.0001399555
873    0.0001397559
874    0.0001395564
875    0.0001393523
876    0.0001391528
877    0.0001389487
878    0.0001387401
879    0.0001385315
880    0.0001383229
881    0.0001381098
882    0.0001378966
883    0.0001376744
884    0.0001374567
885    0.0001372300
886    0.0001369987
887    0.0001367674
888    0.0001365316
889    0.0001362867
890    0.0001360419
891    0.0001357879
892    0.0001355294
893    0.0001352664
894    0.0001349988
895    0.0001347268
896    0.0001344411
897    0.0001341554
898    0.0001338606
899    0.0001335568
900    0.0001332484
901    0.0001329309
902    0.0001326044
903    0.0001322734
904    0.0001319333
905    0.0001315886
906    0.0001312349
907    0.0001308766
908    0.0001305138
909    0.0001301420
910    0.0001297656
911    0.0001293847
912    0.0001289992
913    0.0001286047
914    0.0001282101
915    0.0001278111
916    0.0001274029
917    0.0001269948
918    0.0001265821
919    0.0001261649
920    0.0001257477
921    0.0001253214
922    0.0001248951
923    0.0001244689
924    0.0001240380
925    0.0001236027
926    0.0001231719
927    0.0001227320
928    0.0001222966
929    0.0001218568
930    0.0001214169
931    0.0001209770
932    0.0001205326
933    0.0001200927
934    0.0001196483
935    0.0001192084
936    0.0001187685
937    0.0001183241
938    0.0001178842
939    0.0001174489
940    0.0001170090
941    0.0001165736
942    0.0001161383
943    0.0001157075
944    0.0001152767
945    0.0001148504
946    0.0001144241
947    0.0001140023
948    0.0001135851
949    0.0001131679
950    0.0001127553
951    0.0001123471
952    0.0001119435
953    0.0001115444
954    0.0001111499
955    0.0001107554
956    0.0001103654
957    0.0001099844
958    0.0001096035
959    0.0001092271
960    0.0001088507
961    0.0001084834
962    0.0001081161
963    0.0001077578
964    0.0001073996
965    0.0001070458
966    0.0001066967
967    0.0001063520
968    0.0001060119
969    0.0001056718
970    0.0001053407
971    0.0001050097
972    0.0001046832
973    0.0001043612
974    0.0001040438
975    0.0001037308
976    0.0001034225
977    0.0001031141
978    0.0001028148
979    0.0001025155
980    0.0001022207
981    0.0001019305
982    0.0001016448
983    0.0001013636
984    0.0001010870
985    0.0001008149
986    0.0001005428
987    0.0001002798
988    0.0001000168
989    0.0000997583
990    0.0000995043
991    0.0000992549
992    0.0000990100
993    0.0000987697
994    0.0000985339
995    0.0000982981
996    0.0000980713
997    0.0000978446
998    0.0000976269
999    0.0000974092
1000    0.0000971961
1001    0.0000969875
1002    0.0000967834
1003    0.0000965839
1004    0.0000963889
1005    0.0000961939
1006    0.0000960034
1007    0.0000958175
1008    0.0000956361
1009    0.0000954547
1010    0.0000952778
1011    0.0000951010
1012    0.0000949286
1013    0.0000947563
1014    0.0000945885
1015    0.0000944253
1016    0.0000942620
1017    0.0000940988
1018    0.0000939400
1019    0.0000937813
1020    0.0000936226
1021    0.0000934684
1022    0.0000933142
1023    0.0000931600
1024    0.0000930059
1025    0.0000928517
1026    0.0000927020
1027    0.0000925478
1028    0.0000923982
1029    0.0000922485
1030    0.0000920943
1031    0.0000919447
1032    0.0000917905
1033    0.0000916409
1034    0.0000914867
1035    0.0000913325
1036    0.0000911783
1037    0.0000910241
1038    0.0000908654
1039    0.0000907067
1040    0.0000905479
1041    0.0000903892
1042    0.0000902260
1043    0.0000900582
1044    0.0000898904
1045    0.0000897226
1046    0.0000895503
1047    0.0000893780
1048    0.0000892011
1049    0.0000890197
1050    0.0000888383
1051    0.0000886524
1052    0.0000884664
1053    0.0000882714
1054    0.0000880810
1055    0.0000878814
1056    0.0000876819
1057    0.0000874778
1058    0.0000872738
1059    0.0000870697
1060    0.0000868566
1061    0.0000866480
1062    0.0000864303
1063    0.0000862171
1064    0.0000859949
1065    0.0000857773
1066    0.0000855550
1067    0.0000853283
1068    0.0000851061
1069    0.0000848748
1070    0.0000846481
1071    0.0000844168
1072    0.0000841855
1073    0.0000839497
1074    0.0000837139
1075    0.0000834781
1076    0.0000832423
1077    0.0000830019
1078    0.0000827616
1079    0.0000825212
1080    0.0000822809
1081    0.0000820405
1082    0.0000817956
1083    0.0000815507
1084    0.0000813104
1085    0.0000810655
1086    0.0000808206
1087    0.0000805757
1088    0.0000803263
1089    0.0000800814
1090    0.0000798366
1091    0.0000795917
1092    0.0000793468
1093    0.0000791019
1094    0.0000788525
1095    0.0000786076
1096    0.0000783627
1097    0.0000781224
1098    0.0000778775
1099    0.0000776326
1100    0.0000773923
1101    0.0000771474
1102    0.0000769070
1103    0.0000766667
1104    0.0000764263
1105    0.0000761905
1106    0.0000759502
1107    0.0000757144
1108    0.0000754785
1109    0.0000752473
1110    0.0000750115
1111    0.0000747802
1112    0.0000745489
1113    0.0000743176
1114    0.0000740863
1115    0.0000738596
1116    0.0000736328
1117    0.0000734106
1118    0.0000731839
1119    0.0000729617
1120    0.0000727395
1121    0.0000725218
1122    0.0000723041
1123    0.0000720865
1124    0.0000718688
1125    0.0000716556
1126    0.0000714470
1127    0.0000712339
1128    0.0000710253
1129    0.0000708212
1130    0.0000706126
1131    0.0000704085
1132    0.0000702090
1133    0.0000700095
1134    0.0000698099
1135    0.0000696149
1136    0.0000694199
1137    0.0000692295
1138    0.0000690390
1139    0.0000688485
1140    0.0000686626
1141    0.0000684812
1142    0.0000682998
1143    0.0000681184
1144    0.0000679416
1145    0.0000677692
1146    0.0000675969
1147    0.0000674246
1148    0.0000672568
1149    0.0000670936
1150    0.0000669303
1151    0.0000667670
1152    0.0000666083
1153    0.0000664541
1154    0.0000662999
1155    0.0000661503
1156    0.0000660006
1157    0.0000658510
1158    0.0000657059
1159    0.0000655653
1160    0.0000654247
1161    0.0000652841
1162    0.0000651436
1163    0.0000650075
1164    0.0000648760
1165    0.0000647399
1166    0.0000646084
1167    0.0000644815
1168    0.0000643499
1169    0.0000642230
1170    0.0000640960
1171    0.0000639690
1172    0.0000638466
1173    0.0000637241
1174    0.0000636017
1175    0.0000634793
1176    0.0000633568
1177    0.0000632389
1178    0.0000631165
1179    0.0000629986
1180    0.0000628806
1181    0.0000627627
1182    0.0000626448
1183    0.0000625269
1184    0.0000624090
1185    0.0000622911
1186    0.0000621732
1187    0.0000620553
1188    0.0000619374
1189    0.0000618240
1190    0.0000617061
1191    0.0000615882
1192    0.0000614703
1193    0.0000613479
1194    0.0000612300
1195    0.0000611120
1196    0.0000609896
1197    0.0000608717
1198    0.0000607493
1199    0.0000606268
1200    0.0000605044
1201    0.0000603774
1202    0.0000602550
1203    0.0000601280
1204    0.0000600010
1205    0.0000598695
1206    0.0000597425
1207    0.0000596110
1208    0.0000594840
1209    0.0000593525
1210    0.0000592210
1211    0.0000590850
1212    0.0000589534
1213    0.0000588174
1214    0.0000586813
1215    0.0000585453
1216    0.0000584093
1217    0.0000582732
1218    0.0000581326
1219    0.0000579966
1220    0.0000578560
1221    0.0000577154
1222    0.0000575748
1223    0.0000574343
1224    0.0000572937
1225    0.0000571531
1226    0.0000570080
1227    0.0000568674
1228    0.0000567223
1229    0.0000565772
1230    0.0000564320
1231    0.0000562869
1232    0.0000561418
1233    0.0000559967
1234    0.0000558516
1235    0.0000557065
1236    0.0000555568
1237    0.0000554117
1238    0.0000552620
1239    0.0000551169
1240    0.0000549673
1241    0.0000548176
1242    0.0000546680
1243    0.0000545229
1244    0.0000543732
1245    0.0000542236
1246    0.0000540739
1247    0.0000539243
1248    0.0000537746
1249    0.0000536250
1250    0.0000534753
1251    0.0000533257
1252    0.0000531760
1253    0.0000530218
1254    0.0000528722
1255    0.0000527225
1256    0.0000525729
1257    0.0000524232
1258    0.0000522736
1259    0.0000521239
1260    0.0000519743
1261    0.0000518246
1262    0.0000516750
1263    0.0000515253
1264    0.0000513757
1265    0.0000512305
1266    0.0000510809
1267    0.0000509312
1268    0.0000507861
1269    0.0000506365
1270    0.0000504914
1271    0.0000503462
1272    0.0000502011
1273    0.0000500560
1274    0.0000499109
1275    0.0000497658
1276    0.0000496252
1277    0.0000494801
1278    0.0000493395
1279    0.0000491989
1280    0.0000490583
1281    0.0000489178
1282    0.0000487772
1283    0.0000486411
1284    0.0000485005
1285    0.0000483645
1286    0.0000482284
1287    0.0000480924
1288    0.0000479609
1289    0.0000478294
1290    0.0000476933
1291    0.0000475664
1292    0.0000474348
1293    0.0000473079
1294    0.0000471764
1295    0.0000470539
1296    0.0000469269
1297    0.0000468000
1298    0.0000466775
1299    0.0000465596
1300    0.0000464372
1301    0.0000463193
1302    0.0000462014
1303    0.0000460835
1304    0.0000459655
1305    0.0000458522
1306    0.0000457388
1307    0.0000456300
1308    0.0000455166
1309    0.0000454078
1310    0.0000452989
1311    0.0000451914
1312    0.0000450844
1313    0.0000449788
1314    0.0000448740
1315    0.0000447701
1316    0.0000446672
1317    0.0000445647
1318    0.0000444636
1319    0.0000443629
1320    0.0000442632
1321    0.0000441638
1322    0.0000440654
1323    0.0000439675
1324    0.0000438704
1325    0.0000437743
1326    0.0000436782
1327    0.0000435829
1328    0.0000434881
1329    0.0000433938
1330    0.0000432999
1331    0.0000432070
1332    0.0000431140
1333    0.0000430215
1334    0.0000429294
1335    0.0000428374
1336    0.0000427458
1337    0.0000426546
1338    0.0000425639
1339    0.0000424728
1340    0.0000423825
1341    0.0000422918
1342    0.0000422016
1343    0.0000421118
1344    0.0000420216
1345    0.0000419313
1346    0.0000418415
1347    0.0000417517
1348    0.0000416615
1349    0.0000415712
1350    0.0000414815
1351    0.0000413912
1352    0.0000413005
1353    0.0000412103
1354    0.0000411196
1355    0.0000410289
1356    0.0000409377
1357    0.0000408466
1358    0.0000407554
1359    0.0000406643
1360    0.0000405731
1361    0.0000404815
1362    0.0000403895
1363    0.0000402979
1364    0.0000402058
1365    0.0000401137
1366    0.0000400217
1367    0.0000399292
1368    0.0000398367
1369    0.0000397441
1370    0.0000396512
1371    0.0000395582
1372    0.0000394652
1373    0.0000393718
1374    0.0000392784
1375    0.0000391850
1376    0.0000390911
1377    0.0000389972
1378    0.0000389029
1379    0.0000388090
1380    0.0000387143
1381    0.0000386199
1382    0.0000385252
1383    0.0000384304
1384    0.0000383352
1385    0.0000382399
1386    0.0000381447
1387    0.0000380490
1388    0.0000379533
1389    0.0000378572
1390    0.0000377610
1391    0.0000376649
1392    0.0000375683
1393    0.0000374717
1394    0.0000373747
1395    0.0000372776
1396    0.0000371806
1397    0.0000370831
1398    0.0000369856
1399    0.0000368876
1400    0.0000367897
1401    0.0000366913
1402    0.0000365929
1403    0.0000364944
1404    0.0000363956
1405    0.0000362967
1406    0.0000361979
1407    0.0000360990
1408    0.0000359997
1409    0.0000359008
1410    0.0000358015
1411    0.0000357022
1412    0.0000356029
1413    0.0000355036
1414    0.0000354043
1415    0.0000353054
1416    0.0000352061
1417    0.0000351072
1418    0.0000350084
1419    0.0000349095
1420    0.0000348106
1421    0.0000347122
1422    0.0000346138
1423    0.0000345154
1424    0.0000344175
1425    0.0000343200
1426    0.0000342225
1427    0.0000341250
1428    0.0000340279
1429    0.0000339313
1430    0.0000338347
1431    0.0000337386
1432    0.0000336429
1433    0.0000335477
1434    0.0000334524
1435    0.0000333581
1436    0.0000332638
1437    0.0000331699
1438    0.0000330765
1439    0.0000329835
1440    0.0000328910
1441    0.0000327994
1442    0.0000327078
1443    0.0000326171
1444    0.0000325269
1445    0.0000324371
1446    0.0000323478
1447    0.0000322593
1448    0.0000321713
1449    0.0000320838
1450    0.0000319972
1451    0.0000319110
1452    0.0000318258
1453    0.0000317410
1454    0.0000316571
1455    0.0000315736
1456    0.0000314907
1457    0.0000314086
1458    0.0000313265
1459    0.0000312453
1460    0.0000311651
1461    0.0000310848
1462    0.0000310054
1463    0.0000309265
1464    0.0000308476
1465    0.0000307696
1466    0.0000306921
1467    0.0000306150
1468    0.0000305383
1469    0.0000304621
1470    0.0000303864
1471    0.0000303107
1472    0.0000302359
1473    0.0000301610
1474    0.0000300867
1475    0.0000300127
1476    0.0000299393
1477    0.0000298658
1478    0.0000297928
1479    0.0000297202
1480    0.0000296477
1481    0.0000295756
1482    0.0000295035
1483    0.0000294318
1484    0.0000293606
1485    0.0000292894
1486    0.0000292182
1487    0.0000291475
1488    0.0000290767
1489    0.0000290060
1490    0.0000289357
1491    0.0000288654
1492    0.0000287956
1493    0.0000287257
1494    0.0000286555
1495    0.0000285856
1496    0.0000285162
1497    0.0000284464
1498    0.0000283766
1499    0.0000283072
1500    0.0000282373
1501    0.0000000000
1502    0.0000000000
1503    0.0000000000
1504    0.0000000000
1505    0.0000000000
1506    0.0000000000
1507    0.0000000000
1508    0.0000000000
1509    0.0000000000
1510    0.0000000000
1511    0.0000000000
1512    0.0000000000
1513    0.0000000000
1514    0.0000000000
1515    0.0000000000
1516    0.0000000000
1517    0.0000000000
1518    0.0000000000
1519    0.0000000000
1520    0.0000000000
1521    0.0000000000
1522    0.0000000000
1523    0.0000000000
1524    0.0000000000
1525    0.0000000000
1526    0.0000000000
1527    0.0000000000
1528    0.0000000000
1529    0.0000000000
1530    0.0000000000
1531    0.0000000000
1532    0.0000000000
1533    0.0000000000
1534    0.0000000000
1535    0.0000000000
1536    0.0000000000
1537    0.0000000000
1538    0.0000000000
1539    0.0000000000
1540    0.0000000000
1541    0.0000000000
1542    0.0000000000
1543    0.0000000000
1544    0.0000000000
1545    0.0000000000
1546    0.0000000000
1547    0.0000000000
1548    0.0000000000
1549    0.0000000000
1550    0.0000000000
1551    0.0000000000
1552    0.0000000000
1553    0.0000000000
1554    0.0000000000
1555    0.0000000000
1556    0.0000000000
1557    0.0000000000
1558    0.0000000000
1559    0.0000000000
1560    0.0000000000
1561    0.0000000000
1562    0.0000000000
1563    0.0000000000
1564    0.0000000000
1565    0.0000000000
1566    0.0000000000
1567    0.0000000000
1568    0.0000000000
1569    0.0000000000
1570    0.0000000000
1571    0.0000000000
1572    0.0000000000
1573    0.0000000000
1574    0.0000000000
1575    0.0000000000
1576    0.0000000000
1577    0.0000000000
1578    0.0000000000
1579    0.0000000000
1580    0.0000000000
1581    0.0000000000
1582    0.0000000000
1583    0.0000000000
1584    0.0000000000
1585    0.0000000000
1586    0.0000000000
1587    0.0000000000
1588    0.0000000000
1589    0.0000000000
1590    0.0000000000
1591    0.0000000000
1592    0.0000000000
1593    0.0000000000
1594    0.0000000000
1595    0.0000000000
1596    0.0000000000
1597    0.0000000000
1598    0.0000000000
1599    0.0000000000
1600    0.0000000000
1601    0.0000000000
1602    0.0000000000
1603    0.0000000000
1604    0.0000000000
1605    0.0000000000
1606    0.0000000000
1607    0.0000000000
1608    0.0000000000
1609    0.0000000000
1610    0.0000000000
1611    0.0000000000
1612    0.0000000000
1613    0.0000000000
1614    0.0000000000
1615    0.0000000000
1616    0.0000000000
1617    0.0000000000
1618    0.0000000000
1619    0.0000000000
1620    0.0000000000
1621    0.0000000000
1622    0.0000000000
1623    0.0000000000
1624    0.0000000000
1625    0.0000000000
1626    0.0000000000
1627    0.0000000000
1628    0.0000000000
1629    0.0000000000
1630    0.0000000000
1631    0.0000000000
1632    0.0000000000
1633    0.0000000000
1634    0.0000000000
1635    0.0000000000
1636    0.0000000000
1637    0.0000000000
1638    0.0000000000
1639    0.0000000000
1640    0.0000000000
1641    0.0000000000
1642    0.0000000000
1643    0.0000000000
1644    0.0000000000
1645    0.0000000000
1646    0.0000000000
1647    0.0000000000
1648    0.0000000000
1649    0.0000000000
1650    0.0000000000
1651    0.0000000000
1652    0.0000000000
1653    0.0000000000
1654    0.0000000000
1655    0.0000000000
1656    0.0000000000
1657    0.0000000000
1658    0.0000000000
1659    0.0000000000
1660    0.0000000000
1661    0.0000000000
1662    0.0000000000
1663    0.0000000000
1664    0.0000000000
1665    0.0000000000
1666    0.0000000000
1667    0.0000000000
1668    0.0000000000
1669    0.0000000000
1670    0.0000000000
1671    0.0000000000
1672    0.0000000000
1673    0.0000000000
1674    0.0000000000
1675    0.0000000000
1676    0.0000000000
1677    0.0000000000
1678    0.0000000000
1679    0.0000000000
1680    0.0000000000
1681    0.0000000000
1682    0.0000000000
1683    0.0000000000
1684    0.0000000000
1685    0.0000000000
1686    0.0000000000
1687    0.0000000000
1688    0.0000000000
1689    0.0000000000
1690    0.0000000000
1691    0.0000000000
1692    0.0000000000
1693    0.0000000000
1694    0.0000000000
1695    0.0000000000
1696    0.0000000000
1697    0.0000000000
1698    0.0000000000
1699    0.0000000000
1700    0.0000000000
1701    0.0000000000
1702    0.0000000000
1703    0.0000000000
1704    0.0000000000
1705    0.0000000000
1706    0.0000000000
1707    0.0000000000
1708    0.0000000000
1709    0.0000000000
1710    0.0000000000
1711    0.0000000000
1712    0.0000000000
1713    0.0000000000
1714    0.0000000000
1715    0.0000000000
1716    0.0000000000
1717    0.0000000000
1718    0.0000000000
1719    0.0000000000
1720    0.0000000000
1721    0.0000000000
1722    0.0000000000
1723    0.0000000000
1724    0.0000000000
1725    0.0000000000
1726    0.0000000000
1727    0.0000000000
1728    0.0000000000
1729    0.0000000000
1730    0.0000000000
1731    0.0000000000
1732    0.0000000000
1733    0.0000000000
1734    0.0000000000
1735    0.0000000000
1736    0.0000000000
1737    0.0000000000
1738    0.0000000000
1739    0.0000000000
1740    0.0000000000
1741    0.0000000000
1742    0.0000000000
1743    0.0000000000
1744    0.0000000000
1745    0.0000000000
1746    0.0000000000
1747    0.0000000000
1748    0.0000000000
1749    0.0000000000
1750    0.0000000000
1751    0.0000000000
1752    0.0000000000
1753    0.0000000000
1754    0.0000000000
1755    0.0000000000
1756    0.0000000000
1757    0.0000000000
1758    0.0000000000
1759    0.0000000000
1760    0.0000000000
1761    0.0000000000
1762    0.0000000000
1763    0.0000000000
1764    0.0000000000
1765    0.0000000000
1766    0.0000000000
1767    0.0000000000
1768    0.0000000000
1769    0.0000000000
1770    0.0000000000
1771    0.0000000000
1772    0.0000000000
1773    0.0000000000
1774    0.0000000000
1775    0.0000000000
1776    0.0000000000
1777    0.0000000000
1778    0.0000000000
1779    0.0000000000
1780    0.0000000000
1781    0.0000000000
1782    0.0000000000
1783    0.0000000000
1784    0.0000000000
1785    0.0000000000
1786    0.0000000000
1787    0.0000000000
1788    0.0000000000
1789    0.0000000000
1790    0.0000000000
1791    0.0000000000
1792    0.0000000000
1793    0.0000000000
1794    0.0000000000
1795    0.0000000000
1796    0.0000000000
1797    0.0000000000
1798    0.0000000000
1799    0.0000000000
1800    0.0000000000
1801    0.0000000000
1802    0.0000000000
1803    0.0000000000
1804    0.0000000000
1805    0.0000000000
1806    0.0000000000
1807    0.0000000000
1808    0.0000000000
1809    0.0000000000
1810    0.0000000000
1811    0.0000000000
1812    0.0000000000
1813    0.0000000000
1814    0.0000000000
1815    0.0000000000
1816    0.0000000000
1817    0.0000000000
1818    0.0000000000
1819    0.0000000000
1820    0.0000000000
1821    0.0000000000
1822    0.0000000000
1823    0.0000000000
1824    0.0000000000
1825    0.0000000000
1826    0.0000000000
1827    0.0000000000
1828    0.0000000000
1829    0.0000000000
1830    0.0000000000
1831    0.0000000000
1832    0.0000000000
1833    0.0000000000
1834    0.0000000000
1835    0.0000000000
1836    0.0000000000
1837    0.0000000000
1838    0.0000000000
1839    0.0000000000
1840    0.0000000000
1841    0.0000000000
1842    0.0000000000
1843    0.0000000000
1844    0.0000000000
1845    0.0000000000
1846    0.0000000000
1847    0.0000000000
1848    0.0000000000
1849    0.0000000000
1850    0.0000000000
1851    0.0000000000
1852    0.0000000000
1853    0.0000000000
1854    0.0000000000
1855    0.0000000000
1856    0.0000000000
1857    0.0000000000
1858    0.0000000000
1859    0.0000000000
1860    0.0000000000
1861    0.0000000000
1862    0.0000000000
1863    0.0000000000
1864    0.0000000000
1865    0.0000000000
1866    0.0000000000
1867    0.0000000000
1868    0.0000000000
1869    0.0000000000
1870    0.0000000000
1871    0.0000000000
1872    0.0000000000
1873    0.0000000000
1874    0.0000000000
1875    0.0000000000
1876    0.0000000000
1877    0.0000000000
1878    0.0000000000
1879    0.0000000000
1880    0.0000000000
1881    0.0000000000
1882    0.0000000000
1883    0.0000000000
1884    0.0000000000
1885    0.0000000000
1886    0.0000000000
1887    0.0000000000
1888    0.0000000000
1889    0.0000000000
1890    0.0000000000
1891    0.0000000000
1892    0.0000000000
1893    0.0000000000
1894    0.0000000000
1895    0.0000000000
1896    0.0000000000
1897    0.0000000000
1898    0.0000000000
1899    0.0000000000
1900    0.0000000000
1901    0.0000000000
1902    0.0000000000
1903    0.0000000000
1904    0.0000000000
1905    0.0000000000
1906    0.0000000000
1907    0.0000000000
1908    0.0000000000
1909    0.0000000000
1910    0.0000000000
1911    0.0000000000
1912    0.0000000000
1913    0.0000000000
1914    0.0000000000
1915    0.0000000000
1916    0.0000000000
1917    0.0000000000
1918    0.0000000000
1919    0.0000000000
1920    0.0000000000
1921    0.0000000000
1922    0.0000000000
1923    0.0000000000
1924    0.0000000000
1925    0.0000000000
1926    0.0000000000
1927    0.0000000000
1928    0.0000000000
1929    0.0000000000
1930    0.0000000000
1931    0.0000000000
1932    0.0000000000
1933    0.0000000000
1934    0.0000000000
1935    0.0000000000
1936    0.0000000000
1937    0.0000000000
1938    0.0000000000
1939    0.0000000000
1940    0.0000000000
1941    0.0000000000
1942    0.0000000000
1943    0.0000000000
1944    0.0000000000
1945    0.0000000000
1946    0.0000000000
1947    0.0000000000
1948    0.0000000000
1949    0.0000000000
1950    0.0000000000
1951    0.0000000000
1952    0.0000000000
1953    0.0000000000
1954    0.0000000000
1955    0.0000000000
1956    0.0000000000
1957    0.0000000000
1958    0.0000000000
1959    0.0000000000
1960    0.0000000000
1961    0.0000000000
1962    0.0000000000
1963    0.0000000000
1964    0.0000000000
1965    0.0000000000
1966    0.0000000000
1967    0.0000000000
1968    0.0000000000
1969    0.0000000000
1970    0.0000000000
1971    0.0000000000
1972    0.0000000000
1973    0.0000000000
1974    0.0000000000
1975    0.0000000000
1976    0.0000000000
1977    0.0000000000
1978    0.0000000000
1979    0.0000000000
1980    0.0000000000
1981    0.0000000000
1982    0.0000000000
1983    0.0000000000
1984    0.0000000000
1985    0.0000000000
1986    0.0000000000
1987    0.0000000000
1988    0.0000000000
1989    0.0000000000
1990    0.0000000000
1991    0.0000000000
1992    0.0000000000
1993    0.0000000000
1994    0.0000000000
1995    0.0000000000
1996    0.0000000000
1997    0.0000000000
1998    0.0000000000
1999    0.0000000000
2000    0.0000000000
2001    0.0000000000
2002    0.0000000000
2003    0.0000000000
2004    0.0000000000
2005    0.0000000000
2006    0.0000000000
2007    0.0000000000
2008    0.0000000000
2009    0.0000000000
2010    0.0000000000
2011    0.0000000000
2012    0.0000000000
2013    0.0000000000
2014    0.0000000000
2015    0.0000000000
2016    0.0000000000
2017    0.0000000000
2018    0.0000000000
2019    0.0000000000
2020    0.0000000000
2021    0.0000000000
2022    0.0000000000
2023    0.0000000000
2024    0.0000000000
2025    0.0000000000
2026    0.0000000000
2027    0.0000000000
2028    0.0000000000
2029    0.0000000000
2030    0.0000000000
2031    0.0000000000
2032    0.0000000000
2033    0.0000000000
2034    0.0000000000
2035    0.0000000000
2036    0.0000000000
2037    0.0000000000
2038    0.0000000000
2039    0.0000000000
2040    0.0000000000
2041    0.0000000000
2042    0.0000000000
2043    0.0000000000
2044    0.0000000000
2045    0.0000000000
2046    0.0000000000
2047    0.0000000000
2048    0.0000000000
2049    0.0000000000
2050    0.0000000000
2051    0.0000000000
2052    0.0000000000
2053    0.0000000000
2054    0.0000000000
2055    0.0000000000
2056    0.0000000000
2057    0.0000000000
2058    0.0000000000
2059    0.0000000000
2060    0.0000000000
2061    0.0000000000
2062    0.0000000000
2063    0.0000000000
2064    0.0000000000
2065    0.0000000000
2066    0.0000000000
2067    0.0000000000
2068    0.0000000000
2069    0.0000000000
2070    0.0000000000
2071    0.0000000000
2072    0.0000000000
2073    0.0000000000
2074    0.0000000000
2075    0.0000000000
2076    0.0000000000
2077    0.0000000000
2078    0.0000000000
2079    0.0000000000
2080    0.0000000000
2081    0.0000000000
2082    0.0000000000
2083    0.0000000000
2084    0.0000000000
2085    0.0000000000
2086    0.0000000000
2087    0.0000000000
2088    0.0000000000
2089    0.0000000000
2090    0.0000000000
2091    0.0000000000
2092    0.0000000000
2093    0.0000000000
2094    0.0000000000
2095    0.0000000000
2096    0.0000000000
2097    0.0000000000
2098    0.0000000000
2099    0.0000000000
2100    0.0000000000
2101    0.0000000000
2102    0.0000000000
2103    0.0000000000
2104    0.0000000000
2105    0.0000000000
2106    0.0000000000
2107    0.0000000000
2108    0.0000000000
2109    0.0000000000
2110    0.0000000000
2111    0.0000000000
2112    0.0000000000
2113    0.0000000000
2114    0.0000000000
2115    0.0000000000
2116    0.0000000000
2117    0.0000000000
2118    0.0000000000
2119    0.0000000000
2120    0.0000000000
2121    0.0000000000
2122    0.0000000000
2123    0.0000000000
2124    0.0000000000
2125    0.0000000000
2126    0.0000000000
2127    0.0000000000
2128    0.0000000000
2129    0.0000000000
2130    0.0000000000
2131    0.0000000000
2132    0.0000000000
2133    0.0000000000
2134    0.0000000000
2135    0.0000000000
2136    0.0000000000
2137    0.0000000000
2138    0.0000000000
2139    0.0000000000
2140    0.0000000000
2141    0.0000000000
2142    0.0000000000
2143    0.0000000000
2144    0.0000000000
2145    0.0000000000
2146    0.0000000000
2147    0.0000000000
2148    0.0000000000
2149    0.0000000000
2150    0.0000000000
2151    0.0000000000
2152    0.0000000000
2153    0.0000000000
2154    0.0000000000
2155    0.0000000000
2156    0.0000000000
2157    0.0000000000
2158    0.0000000000
2159    0.0000000000
2160    0.0000000000
2161    0.0000000000
2162    0.0000000000
2163    0.0000000000
2164    0.0000000000
2165    0.0000000000
2166    0.0000000000
2167    0.0000000000
2168    0.0000000000
2169    0.0000000000
2170    0.0000000000
2171    0.0000000000
2172    0.0000000000
2173    0.0000000000
2174    0.0000000000
2175    0.0000000000
2176    0.0000000000
2177    0.0000000000
2178    0.0000000000
2179    0.0000000000
2180    0.0000000000
2181    0.0000000000
2182    0.0000000000
2183    0.0000000000
2184    0.0000000000
2185    0.0000000000
2186    0.0000000000
2187    0.0000000000
2188    0.0000000000
2189    0.0000000000
2190    0.0000000000
2191    0.0000000000
2192    0.0000000000
2193    0.0000000000
2194    0.0000000000
2195    0.0000000000
2196    0.0000000000
2197    0.0000000000
2198    0.0000000000
2199    0.0000000000
2200    0.0000000000
