# nlmax, ncor, nside =         500           6         512
    0   0.3718041619132797E+04  0.0000000000000000E+00  0.0000000000000000E+00  0.0000000000000000E+00  0.0000000000000000E+00  0.0000000000000000E+00
    1   0.3792494385904812E+03  0.0000000000000000E+00  0.0000000000000000E+00  0.0000000000000000E+00  0.0000000000000000E+00  0.0000000000000000E+00
    2   0.5965941532479522E+03  0.3776430330944439E-02  0.2377075702640977E-02  0.5008045914078500E-01 -0.6763692927615476E+00  0.6135654604808086E-03
    3   0.1422101097924185E+03  0.8938398776912534E-02  0.1700723105706411E-02  0.2578215969219819E+00  0.2120932482546323E-01  0.3378921956139914E-02
    4   0.1778745804429576E+03  0.2714027054815252E-02  0.6427200742190936E-03  0.5411760773973356E-01  0.1354032810795489E+00 -0.9206312459405209E-03
    5   0.1132999172845634E+03  0.3965366754124338E-02  0.4170307283963789E-03  0.4187263524381668E+00 -0.7472904012821167E-01 -0.6076372784726205E-03
    6   0.8680820540513929E+02  0.6257005885790896E-03  0.1754476424352846E-03  0.1230977369924993E+00 -0.6146760231409319E-01 -0.4765547418453387E-04
    7   0.8133045142433451E+02  0.1377437239454620E-02  0.3967365939755038E-03  0.8136206477514377E-01 -0.1475391535238180E-01 -0.8268588211371134E-04
    8   0.4396474331702378E+02  0.6738493764661123E-03  0.5394736928708231E-03  0.3057621598680117E-01 -0.3411370078517056E-01  0.1232016629666952E-03
    9   0.3886971643416103E+02  0.6410259088942953E-03  0.3706841939749528E-03  0.6562520105228320E-01 -0.8465663501376322E-02 -0.1010272780423584E-03
   10   0.2611250587050210E+02  0.9214750054773107E-03  0.6914774217121689E-03  0.2807433766354517E-01 -0.2341439587793112E-01 -0.2280406861584831E-03
   11   0.1779612640422739E+02  0.3147192534151159E-03  0.4585876414958740E-03  0.2423577768899808E-01 -0.2113306364158523E-01  0.1796761922609779E-04
   12   0.2733233183328062E+02  0.4774911214638284E-03  0.2996829875559944E-03  0.3259927879909680E-01  0.5576566639633056E-02  0.1052105717889250E-03
   13   0.2721714154075107E+02  0.3199240700488197E-03  0.5734930711001436E-03  0.2494983967121970E-01 -0.8518339895212416E-02  0.6661634349508416E-04
   14   0.2265321306019925E+02  0.6823365223054069E-03  0.4641827993188984E-03  0.5197632074717691E-01 -0.4514565950618721E-02 -0.1675353188724431E-03
   15   0.1814018056257905E+02  0.5643409705521373E-03  0.4987166184747943E-03  0.4148288610964502E-01  0.1612423890833466E-01  0.9841186751005314E-04
   16   0.1206978888896929E+02  0.2908997387097116E-03  0.4440659276124577E-03  0.4420464901403399E-02 -0.4725290274750391E-02  0.5869716698379913E-04
   17   0.1035297516349319E+02  0.5168818609871008E-03  0.6381028911215409E-03  0.1766259262212938E-01  0.1163252088599302E-01 -0.6678952599183448E-05
   18   0.2444005918976431E+02  0.5921616851313187E-03  0.3799933692935210E-03  0.2452420646634354E-02  0.2244023943746091E-01  0.7721461489604650E-04
   19   0.1937610598275643E+02  0.5608871144373286E-03  0.5359157204286974E-03  0.3801107571296983E-01  0.1305728891294228E-01 -0.1348811178106474E-03
   20   0.8895589586808356E+01  0.3611449529499594E-03  0.5113835347484400E-03  0.1825421362415549E-01 -0.1935416366829155E-01 -0.1574762470571040E-05
   21   0.1474318148789336E+02  0.3410317963585912E-03  0.5009048251193649E-03  0.2773355992577396E-01  0.1252219592070213E-01  0.5368174301390294E-04
   22   0.1232157494146306E+02  0.7169362259555458E-03  0.4842295721872924E-03  0.3126302096597390E-01 -0.1082292947016403E-01 -0.2660533739462646E-04
   23   0.8603853573878267E+01  0.4269146280717700E-03  0.4384351111783260E-03  0.8843431932626929E-02  0.3731762566568561E-02  0.9164270484048212E-04
   24   0.9389787475184491E+01  0.5958315505217077E-03  0.3843627920411414E-03  0.1152472809073427E-01  0.4177647213281035E-02 -0.4161249357630712E-04
   25   0.6444171047796362E+01  0.6297527875297819E-03  0.4585119825253668E-03  0.1965643336330488E-01  0.2104068460683949E-02  0.1395923078703077E-04
   26   0.7837948556614302E+01  0.6139297717088347E-03  0.3638431549702577E-03  0.1362524030555623E-01 -0.2639647165803236E-03 -0.1106904579358622E-03
   27   0.6160170705031886E+01  0.6178531768517761E-03  0.4891589479228489E-03  0.1936724534165342E-01  0.3742531448083739E-02  0.8164136171376884E-04
   28   0.7043051340415549E+01  0.7834198673309175E-03  0.4263682356985386E-03  0.7718153356965214E-02  0.2157793926200953E-02 -0.9543549863463034E-04
   29   0.8831235540323663E+01  0.4624706765457954E-03  0.4592275338618017E-03  0.2445164181229604E-02 -0.5380069379466449E-02 -0.2079450019242440E-04
   30   0.7200741151863130E+01  0.5831142149240049E-03  0.3938217615494305E-03  0.6653365154628791E-02 -0.8683769679589547E-04  0.9088193637613715E-04
   31   0.8329158010730495E+01  0.5822860473196732E-03  0.3914954043727327E-03  0.1114906016685681E-02  0.4117160362538076E-02 -0.2645852251453219E-04
   32   0.5726827215659029E+01  0.5075605273819552E-03  0.3158271611102651E-03 -0.1781991925217771E-02  0.1347277397312286E-02 -0.3119758170520558E-04
   33   0.7964557040027041E+01  0.5438225631726323E-03  0.4371840711522973E-03  0.1002313465014142E-01  0.7115129367422679E-02 -0.6835947423058636E-04
   34   0.7093149562920111E+01  0.7441042341144407E-03  0.4780738987029634E-03  0.6310062683426827E-02 -0.4414725270271831E-02 -0.8087176136166505E-06
   35   0.5107091097562175E+01  0.6274001844279771E-03  0.4834368231732303E-03  0.5860188071222004E-02  0.4428680088351135E-02  0.1296300339922855E-03
   36   0.5616004216380118E+01  0.6698921447691236E-03  0.4190525527033440E-03  0.1052259372270956E-01 -0.2743658560709649E-02  0.5666917680786143E-04
   37   0.5655401326352304E+01  0.6726160033638921E-03  0.5707111168405977E-03  0.1456433908062109E-01 -0.3295457752123341E-02  0.3948036126963090E-04
   38   0.4487547408371836E+01  0.5845968227943335E-03  0.4540350032057500E-03  0.1339655889629418E-01  0.5624254802502924E-02  0.5905839208536647E-05
   39   0.4769780870332484E+01  0.5598062532753539E-03  0.4839186606051812E-03 -0.2311992738168881E-02  0.1725883993271646E-02  0.6174319417408990E-04
   40   0.4435668945315033E+01  0.6354914634325991E-03  0.4469532755053653E-03  0.2246162615054479E-02  0.4492467406845803E-02 -0.1326960255493600E-04
   41   0.4189111434053754E+01  0.5958924983220187E-03  0.4041305275235483E-03  0.5960635001776791E-02  0.1719135789650319E-01  0.3267175178879434E-04
   42   0.4672293638366007E+01  0.5526294286297643E-03  0.4045766566800263E-03  0.9820783984899264E-02 -0.1538631508417356E-02 -0.5400034104664381E-04
   43   0.4307522305815604E+01  0.7234144652042585E-03  0.3816436664838993E-03  0.7268621598181625E-02  0.5764444455187591E-02 -0.1600377561178390E-03
   44   0.4996606895025645E+01  0.6038171014861904E-03  0.4835488094345119E-03  0.6319622098932511E-02  0.4092987092436801E-02 -0.1220773112488832E-04
   45   0.4465123324253383E+01  0.6386319881527261E-03  0.4318514709471534E-03 -0.5738660929823489E-02 -0.9229583535996127E-02 -0.4258372731880059E-04
   46   0.3695791806809347E+01  0.7738653834923307E-03  0.4021570954978759E-03  0.4538721460707418E-02 -0.4844749726935490E-03 -0.1502165769682076E-04
   47   0.3470884504689623E+01  0.6447927746940048E-03  0.4473102465316806E-03  0.1177354013072366E-01 -0.1529937371815274E-02 -0.1188982807668607E-03
   48   0.3628809147334172E+01  0.7099480002691549E-03  0.4544661457161946E-03 -0.9117151730602928E-02  0.2255827440457507E-02 -0.4648982964842925E-04
   49   0.3654078950042265E+01  0.7538770839585303E-03  0.4075883976924413E-03 -0.2489138248011275E-02  0.1577953897385129E-02  0.4932458310627769E-04
   50   0.3380785949104607E+01  0.7525435046882116E-03  0.4570472834536960E-03  0.1048152918864848E-02 -0.2276825743593227E-02 -0.6361231873296682E-04
   51   0.3152915869462860E+01  0.7708948171762435E-03  0.4074691681314531E-03 -0.5722372722252463E-02  0.1331703330218717E-02 -0.6171524999581551E-04
   52   0.3071097928568947E+01  0.7223778540017963E-03  0.4352035960396752E-03 -0.2530518261549264E-03 -0.4571544637166443E-02 -0.9287935891375745E-04
   53   0.3652616270025796E+01  0.6163862424300623E-03  0.3244562120934087E-03 -0.5692376623560886E-02  0.1708584662806712E-03 -0.5527582275625159E-04
   54   0.3028926842111510E+01  0.7707878458328324E-03  0.3510022273800680E-03 -0.7004583100943563E-02 -0.1151926639167571E-02  0.2321440809203476E-05
   55   0.3021904627965456E+01  0.7485547003345600E-03  0.3668749355026399E-03  0.4930633770410898E-02 -0.5380576914396990E-02  0.4630908479707346E-05
   56   0.2968054780246878E+01  0.6416438677737000E-03  0.3750503171475346E-03  0.6046919349317608E-02  0.2140328521258352E-02  0.9045210395134402E-05
   57   0.3102924324768799E+01  0.6756036847179249E-03  0.3556070011793602E-03 -0.7315224007428244E-02  0.2384927205076509E-02 -0.4711913827630016E-04
   58   0.3171541565043805E+01  0.9536578246138842E-03  0.4271475519164105E-03 -0.1051586477794250E-01  0.3463133745923288E-03  0.4119472005150415E-04
   59   0.2638104427848302E+01  0.7758632432834429E-03  0.3895525714620589E-03 -0.2880119353086423E-02  0.8192286778797518E-03 -0.7138875878864470E-04
   60   0.2280921240548612E+01  0.9621285442078829E-03  0.3649407237115935E-03  0.4515495135442311E-02  0.2151201556587426E-02 -0.6858007861249520E-04
   61   0.2702975423215591E+01  0.7521872574675770E-03  0.4467412177613954E-03  0.1629731987883792E-02  0.2120829969767071E-03 -0.6717405992464068E-04
   62   0.3136352970848296E+01  0.7761621982029257E-03  0.4210337377898061E-03 -0.6213835522484402E-02 -0.5117711029884705E-02  0.4387013923983666E-04
   63   0.3206200312897649E+01  0.9875137346413104E-03  0.4713933130482307E-03 -0.1792262646194615E-01  0.4780295860727317E-02 -0.6077971814596997E-04
   64   0.2358602429928382E+01  0.1004490046774190E-02  0.3819236249031405E-03 -0.5337794416679571E-02 -0.2504799926205060E-02  0.1007496717803666E-03
   65   0.2265559910495733E+01  0.8929948644611598E-03  0.4040279721240782E-03 -0.1034470051831645E-01  0.3873432310666928E-02  0.1892844099859182E-04
   66   0.2146093440241867E+01  0.8675739840550139E-03  0.4503391521669156E-03 -0.7450741078298673E-02  0.2104681784574423E-02  0.2550278325923809E-04
   67   0.2599812849746550E+01  0.8570903691714646E-03  0.3795507488438246E-03 -0.1164278078223348E-01  0.4081308138380916E-02 -0.3670686565426257E-04
   68   0.2349183359537979E+01  0.7306604726560801E-03  0.4051072370317141E-03 -0.5583862117756157E-02 -0.1853042963447301E-02 -0.7404887791788777E-04
   69   0.2085703741321157E+01  0.9300349109979035E-03  0.4432895381561631E-03 -0.7367854513098674E-02  0.2350038104420188E-02 -0.2760827387794158E-05
   70   0.2003125619510716E+01  0.8657588063369435E-03  0.3827499704931298E-03 -0.5264121894619127E-02  0.8587731203733229E-03 -0.8177956239047257E-04
   71   0.2163839937291196E+01  0.9500682701900185E-03  0.3749537662723676E-03 -0.7610183602888508E-02  0.2418391965478228E-02  0.6279675206386148E-04
   72   0.2304863765865194E+01  0.8599404399097796E-03  0.4277838289358296E-03 -0.7507489596626784E-02 -0.2590477426912121E-02 -0.3272392741717049E-05
   73   0.2302241763147075E+01  0.8280028338323110E-03  0.4349012880294769E-03 -0.7903397997173659E-02  0.1021139468084349E-03  0.4289682159666949E-05
   74   0.1978163360391051E+01  0.8309447291201824E-03  0.4375188051274497E-03 -0.1175693318217084E-01  0.3405556570578002E-02  0.5983765628099470E-04
   75   0.2077054291072869E+01  0.8602133695061266E-03  0.2789976291467732E-03 -0.6300866693497731E-02  0.2666854153389301E-02  0.3093204016819206E-04
   76   0.2318329489441302E+01  0.8073526199100024E-03  0.3887682952266699E-03 -0.1058756259405310E-01  0.3104428262809762E-02 -0.6578727599197019E-04
   77   0.2111248500426004E+01  0.8034617526774188E-03  0.3991028155912582E-03 -0.1314552843958427E-01  0.1940103885944836E-02 -0.7194855639167844E-04
   78   0.2153310252555934E+01  0.9046236293222582E-03  0.3970925081327465E-03 -0.1595171356520504E-01 -0.1627981172347758E-02  0.6266650873570070E-04
   79   0.1952827873890290E+01  0.8159124611256749E-03  0.3846132273320946E-03 -0.9151115385176975E-02 -0.2746626568223108E-02 -0.1114964759966000E-04
   80   0.2035463831478417E+01  0.8921107323072067E-03  0.3819681411652052E-03 -0.1169313200582541E-01 -0.2746908228943049E-02 -0.4509460820775122E-04
   81   0.1944499464804824E+01  0.7973775395896098E-03  0.3567738946026836E-03 -0.1098636869809540E-01 -0.1900456614378385E-02 -0.2101556258687584E-04
   82   0.1928296330708107E+01  0.9310060483839850E-03  0.3410818563898584E-03 -0.1157333106182920E-01 -0.1644528885356449E-02  0.7956810940886350E-04
   83   0.2156266507056988E+01  0.8481821403647916E-03  0.4651664358339931E-03 -0.1075776189073086E-01 -0.2652261965449883E-02 -0.1198590221705071E-04
   84   0.2279870405667227E+01  0.8637462923515103E-03  0.4413699261123238E-03 -0.1068959374570967E-01  0.1318668917549487E-04  0.1730241180881206E-04
   85   0.2037213016891231E+01  0.8612505080422612E-03  0.3791233876300077E-03 -0.1217324858412951E-01  0.1932171981483863E-02 -0.8542238358822142E-05
   86   0.1614410378517979E+01  0.9965673807197453E-03  0.4461077710660915E-03 -0.1135810735093860E-01  0.2104849606161400E-02 -0.3481273232197936E-04
   87   0.1897239088185084E+01  0.1041327976758954E-02  0.3836697145744805E-03 -0.2191988633567026E-01  0.3254238127600055E-03 -0.1388250533317784E-04
   88   0.1793235328584493E+01  0.8387857479644127E-03  0.4164814748382035E-03 -0.1609474426921185E-01 -0.9512308990382014E-03 -0.1419132194721809E-04
   89   0.2030071760884893E+01  0.8527687696301199E-03  0.4442015012879803E-03 -0.1372894115719653E-01 -0.1457572191153233E-02 -0.1307204258469788E-04
   90   0.1782664588734220E+01  0.8364236219256208E-03  0.3409830253198942E-03 -0.1067556795989102E-01 -0.1615103886861284E-02  0.4058010385479261E-04
   91   0.2084033470045227E+01  0.8476973535563528E-03  0.4056799179976799E-03 -0.1821879436019000E-01  0.7633978991852511E-03  0.4468281912922475E-04
   92   0.1578260780824661E+01  0.1014086845268951E-02  0.4501857687417802E-03 -0.1016754423531033E-01  0.2952056674640490E-02  0.3751353543998263E-04
   93   0.1728800312151040E+01  0.9339462912181015E-03  0.4341180517052098E-03 -0.1024867087667898E-01  0.9244413685362821E-03 -0.3314786134202152E-04
   94   0.1832167166213356E+01  0.1017576376961138E-02  0.4197414275106387E-03 -0.1002716269517054E-01 -0.3586298768776445E-02  0.5021070814270262E-04
   95   0.1746697098242174E+01  0.8967552454434997E-03  0.3416944596781676E-03 -0.1470302379658544E-01  0.1430570201737771E-02 -0.8895508642792473E-04
   96   0.1622398556445099E+01  0.1012923153750786E-02  0.3719186032576552E-03 -0.9046136438133753E-02 -0.3783430944668507E-02  0.2823786002563344E-04
   97   0.1880768784461997E+01  0.9117310426745540E-03  0.3367355538817363E-03 -0.1558587128879287E-01 -0.1023770220301420E-03 -0.8053257773159903E-04
   98   0.1506163186415304E+01  0.8362040983707044E-03  0.3464017103692911E-03 -0.1140449458492464E-01  0.3745475922234765E-03 -0.1100465404762922E-04
   99   0.1618561187914813E+01  0.8723842934296537E-03  0.4414461134816129E-03 -0.1705334022403344E-01  0.1099097255344179E-02 -0.2864741566988820E-04
  100   0.1396824720135577E+01  0.8446283286094258E-03  0.3303692315565323E-03 -0.1566743064853468E-01  0.3053746314783431E-03  0.5137243418454562E-05
  101   0.1452968193183678E+01  0.8552807425961235E-03  0.4390485031599938E-03 -0.1485365040025881E-01  0.4986161846134695E-03  0.6352151466781374E-04
  102   0.1856911818820288E+01  0.8832591805165454E-03  0.3708441422923224E-03 -0.1484806659188795E-01 -0.1839696674238982E-03  0.4482934787271435E-05
  103   0.1693053441433863E+01  0.8947767614466057E-03  0.4088307387089566E-03 -0.1618417940886238E-01 -0.5361101615522405E-03  0.3434465295450176E-04
  104   0.1551165842941608E+01  0.8680586054371147E-03  0.4232304292338287E-03 -0.1538217072139105E-01  0.2420902214699107E-02 -0.1904364012595162E-04
  105   0.1748861469914410E+01  0.1006001926099514E-02  0.4829192730167900E-03 -0.1897687502147930E-01 -0.3725553226948717E-03  0.1109762350029076E-03
  106   0.1396091381048085E+01  0.9175058632355089E-03  0.4396557430840553E-03 -0.1241484673041039E-01  0.3541432376081647E-02 -0.2205341720771848E-04
  107   0.1450091940438663E+01  0.9133459016228730E-03  0.2951899516426575E-03 -0.1524749644724353E-01  0.3414173837602197E-03  0.8592429249894678E-06
  108   0.1837108808308547E+01  0.7979616942436977E-03  0.4833046812170845E-03 -0.1904263657423967E-01  0.2795672040937044E-03 -0.2457797359518679E-04
  109   0.1496274864072577E+01  0.8631142859642804E-03  0.4036382968017784E-03 -0.1429775219392940E-01  0.3124364798514193E-02 -0.3542894695958980E-04
  110   0.1253288612734148E+01  0.7494956490859345E-03  0.3525348700845408E-03 -0.1048178023352245E-01  0.1359614785243318E-02 -0.7982464305578564E-06
  111   0.1636534644399537E+01  0.9389424638876967E-03  0.3994963075903709E-03 -0.1694981851660115E-01 -0.1443050896425311E-02  0.4003277570449802E-04
  112   0.1543529701525236E+01  0.9242844627901412E-03  0.4288938762230919E-03 -0.1664744756296357E-01  0.1385988030079056E-02 -0.5821958091384026E-04
  113   0.1579345412304608E+01  0.8900251465841121E-03  0.4839257834493016E-03 -0.1677648698756098E-01 -0.7000323606774382E-03  0.6147709336796628E-04
  114   0.1687397643187372E+01  0.7987950991541082E-03  0.3815353068026217E-03 -0.1560047427669584E-01 -0.2283321612354054E-02 -0.2607287351040814E-05
  115   0.1508198901582324E+01  0.8920523245190162E-03  0.3887541472408849E-03 -0.1929890305455464E-01 -0.1850460859386803E-02  0.3361488663443379E-04
  116   0.1608778803490657E+01  0.8379442572696328E-03  0.4744727671603305E-03 -0.1652355443243404E-01  0.2316235202123930E-02 -0.5427261018665991E-04
  117   0.1325303763117736E+01  0.6931726227111767E-03  0.4586228100438373E-03 -0.9288661414754680E-02  0.1610103133080149E-02  0.3276370093393969E-04
  118   0.1305813933962130E+01  0.7777723465636891E-03  0.4231269788182363E-03 -0.1159599107168568E-01 -0.1401610365791388E-02  0.1711721766871321E-04
  119   0.1599023428467666E+01  0.8653184494774571E-03  0.4348030578565945E-03 -0.1584944466149647E-01  0.1955843406034525E-02 -0.2133121186916985E-04
  120   0.1420296434759364E+01  0.8413016451068674E-03  0.4118237416275714E-03 -0.1674617146760375E-01  0.6130173124653728E-04 -0.3899124768741307E-05
  121   0.1326858946374212E+01  0.9860580493242430E-03  0.4280049891098809E-03 -0.1910182011052524E-01  0.4189238869843639E-02 -0.8458339009529287E-04
  122   0.1546747410956059E+01  0.6548164394277971E-03  0.3885734187150909E-03 -0.1459908918461249E-01 -0.3981490254572412E-03  0.4245228122687970E-05
  123   0.1309320231984688E+01  0.8198266521619420E-03  0.4355348964514200E-03 -0.1356924560655008E-01 -0.1857196763147192E-02 -0.2182198097452617E-04
  124   0.1276228275970147E+01  0.7917982172418467E-03  0.4381365855868031E-03 -0.1483321285153397E-01  0.3562470957136387E-02 -0.7396502422252844E-04
  125   0.1289176325640435E+01  0.7688176195237918E-03  0.3326975853066933E-03 -0.1539897508103462E-01  0.1360170834534900E-02  0.1301707487012969E-05
  126   0.1401493169029159E+01  0.1037268193342191E-02  0.4362450351168220E-03 -0.1703321002066391E-01  0.6840309627665143E-04  0.1750285218434720E-04
  127   0.1324292503434225E+01  0.9066010349413273E-03  0.3362195775194250E-03 -0.1353998403853163E-01  0.6037304280403336E-03 -0.1000957742819422E-04
  128   0.1569954057341074E+01  0.8230388745368080E-03  0.4059064023377069E-03 -0.1510585655383014E-01  0.2093462581131103E-03 -0.7873515007675503E-04
  129   0.1563573073953467E+01  0.7892069414962218E-03  0.3874547754365560E-03 -0.1538650260684671E-01  0.5194072713264547E-03 -0.6326604487042087E-04
  130   0.1372548842180743E+01  0.9244677778884952E-03  0.4159057631949240E-03 -0.1919971174957981E-01 -0.5587674644658472E-03  0.4865945521256312E-04
  131   0.1284985366487191E+01  0.7303224131476791E-03  0.3827932547771214E-03 -0.1178256138194811E-01  0.3925774954376449E-03  0.2338750482515867E-04
  132   0.1405646641084503E+01  0.7785186868695913E-03  0.4090838164093947E-03 -0.1698559104701575E-01  0.2006315613352431E-02  0.1936521821436702E-04
  133   0.1371363760352061E+01  0.6767595397102646E-03  0.3784625721522399E-03 -0.1526973033261333E-01 -0.7522553434178179E-03  0.2765338863261585E-04
  134   0.1175415089027117E+01  0.7901475408567297E-03  0.3509695687511885E-03 -0.1295135884092613E-01 -0.9931253235789523E-03 -0.4051323639205242E-05
  135   0.1180601018666183E+01  0.7990818870924107E-03  0.3942748891234387E-03 -0.1351036421956407E-01  0.1600141090431559E-02 -0.3052235428712214E-05
  136   0.1407671303535982E+01  0.7676646395180395E-03  0.4118838661186292E-03 -0.1711618941634272E-01  0.2159072148288758E-02 -0.4646196135472333E-04
  137   0.1410690147440092E+01  0.7508973490840316E-03  0.4382739732717935E-03 -0.1487467947596077E-01 -0.9922581713007459E-03 -0.1765744240465308E-04
  138   0.1436511897681862E+01  0.9280320447804904E-03  0.4311552307147612E-03 -0.1810467789364731E-01 -0.6017675672750895E-03 -0.1571623616075457E-04
  139   0.1162422386546924E+01  0.7664732491146947E-03  0.3917909962264399E-03 -0.1360304753176381E-01  0.2339794440722363E-02 -0.6497255712881010E-04
  140   0.1408833313432034E+01  0.8086193456900689E-03  0.3663095648866588E-03 -0.1496344545744624E-01 -0.1056355451572800E-02  0.3918334483510715E-04
  141   0.1338334355102355E+01  0.8662991189814638E-03  0.4533635004512299E-03 -0.1541703736138903E-01 -0.1443641896058730E-02  0.2537434518984150E-05
  142   0.1280992101996741E+01  0.7186691377984361E-03  0.4075243369969678E-03 -0.1205568928837363E-01 -0.5093163583988363E-03  0.9237721572797334E-06
  143   0.1128152726766303E+01  0.7969080960553920E-03  0.4209693745038815E-03 -0.1214959602896415E-01 -0.1090280801647225E-02  0.2788195069993415E-04
  144   0.1322129273053541E+01  0.7948572306759991E-03  0.4314397374144405E-03 -0.1305692974000782E-01 -0.1951595501945139E-02 -0.1211604779679578E-04
  145   0.1180682537976919E+01  0.6517278686190491E-03  0.3869386997571049E-03 -0.1152113876472767E-01  0.3431566938090091E-03  0.1145579004164119E-04
  146   0.1220096678154885E+01  0.7184603742533642E-03  0.3714125913424941E-03 -0.1461737830305640E-01 -0.3094231518033333E-02  0.4182098605091939E-04
  147   0.1234725177087829E+01  0.7381960076565919E-03  0.3807802156410181E-03 -0.1492915744720175E-01  0.2548560231071514E-02  0.4571502529928885E-05
  148   0.1306854542349835E+01  0.7048305181283551E-03  0.3958621244281775E-03 -0.1446550762832370E-01  0.1612403996049610E-02 -0.4751361843088526E-04
  149   0.1063652847039591E+01  0.5708760739022269E-03  0.4112973592850182E-03 -0.8966584179037876E-02 -0.8779744888235890E-03 -0.1491136343289623E-04
  150   0.1170831978573193E+01  0.6528614309096908E-03  0.3734676239632175E-03 -0.1177808946511347E-01  0.1843316136935350E-03  0.1632143584757851E-04
  151   0.1207563254161275E+01  0.6423886351191014E-03  0.3607605986557305E-03 -0.9967276597088853E-02 -0.5285891914938264E-04  0.1856911226611003E-04
  152   0.1171928135352686E+01  0.6995687765574031E-03  0.4161654421328358E-03 -0.1192889955947954E-01  0.4382388993317487E-03 -0.2674879270571802E-04
  153   0.9482658348571219E+00  0.6136424176100060E-03  0.4586669530625911E-03 -0.9481889936312302E-02  0.1038136429905182E-02  0.5668335984286345E-05
  154   0.1282859720534111E+01  0.6659635170636055E-03  0.4145564670927376E-03 -0.1206124843096051E-01  0.1847635715288631E-02  0.3811764292719036E-07
  155   0.1278259805556864E+01  0.6209094825473286E-03  0.4605372982512356E-03 -0.1221198927412576E-01 -0.1834265826271495E-02  0.4723122917658030E-04
  156   0.1189946934246326E+01  0.6683319943824955E-03  0.3937567590075350E-03 -0.1215885456321134E-01  0.2666349773616404E-02 -0.4569708243168370E-04
  157   0.1269181182749788E+01  0.6721388964958482E-03  0.3826962403058306E-03 -0.1053404534385253E-01  0.1941472039756885E-02 -0.1846606095707138E-06
  158   0.1217203036338477E+01  0.6508758326467381E-03  0.3898276676126481E-03 -0.1253916203024637E-01 -0.1572514982863295E-02 -0.1530021927928085E-06
  159   0.1055718308130435E+01  0.5843125964377972E-03  0.3888172832804788E-03 -0.8983671271892771E-02  0.1431160740662491E-02 -0.5007776335787366E-04
  160   0.9695787087627665E+00  0.5535516327758746E-03  0.3885919753324839E-03 -0.9111976983833037E-02 -0.6714280535910997E-03 -0.3792462173381328E-05
  161   0.1105718827096815E+01  0.6923393359327004E-03  0.3932869618580998E-03 -0.1202800486910123E-01  0.6205645112573841E-03  0.1567186728112158E-04
  162   0.1199354346205811E+01  0.6893524317844829E-03  0.3614709169442997E-03 -0.1052250304019106E-01 -0.1403808985498971E-02  0.3336002692929663E-04
  163   0.1185535194302680E+01  0.6629347945217510E-03  0.3910236539818713E-03 -0.1361545379165886E-01 -0.9957758132663826E-03  0.1253706180644517E-04
  164   0.1079373628994011E+01  0.6216654046636666E-03  0.4371280505049464E-03 -0.9674064526858501E-02 -0.4440086405431201E-03 -0.6221060048171630E-05
  165   0.1065899588191359E+01  0.6774067776504408E-03  0.4100763836954069E-03 -0.1228716099733262E-01  0.3479664826892567E-03  0.4334464651147188E-04
  166   0.1213702664595588E+01  0.6260619512726800E-03  0.4400932565083078E-03 -0.1056261002569801E-01 -0.7884111270066675E-03  0.2715319708143993E-04
  167   0.1032967691182160E+01  0.6440389635891307E-03  0.4144495698252581E-03 -0.8627073155303668E-02 -0.1494048958226226E-02  0.4158145693469387E-04
  168   0.1152843373355388E+01  0.5818003706456716E-03  0.4230118716978841E-03 -0.9514153029945254E-02 -0.8295119248931422E-03  0.3247479956970797E-05
  169   0.1016922906703145E+01  0.5038257853946533E-03  0.4124103278683815E-03 -0.5862049808762601E-02  0.1164295565172452E-02 -0.4251137007353446E-05
  170   0.1007886776569036E+01  0.4647931331090581E-03  0.4136931572506009E-03 -0.6483525015532917E-02  0.3293663038748646E-03  0.1610936383222036E-04
  171   0.1005614210416555E+01  0.6123850636491104E-03  0.4048817553377157E-03 -0.9729739495946658E-02 -0.5825400956047010E-03  0.3205031890702251E-04
  172   0.1028732610960920E+01  0.6046984448034333E-03  0.4131591903106957E-03 -0.8322650818880086E-02 -0.2820526792175168E-04 -0.1444380465536118E-04
  173   0.8954409738922678E+00  0.6017462828920303E-03  0.3990893401342399E-03 -0.8560068910847884E-02  0.2052297057194908E-03  0.9472338429941430E-05
  174   0.9712876472078462E+00  0.5674654101447664E-03  0.4557051777420584E-03 -0.7915403733550113E-02 -0.2456556546076663E-02 -0.1379468050839693E-04
  175   0.1184274886434182E+01  0.5987189025874557E-03  0.3937207492279627E-03 -0.1045693945090545E-01  0.2912410753053367E-03 -0.2656726731871127E-04
  176   0.9318776606341934E+00  0.5714279083658505E-03  0.3689636918237268E-03 -0.7068356920864786E-02 -0.3500132177588843E-03  0.4064411888375857E-05
  177   0.1094693911020988E+01  0.5380139302455861E-03  0.4243849188881431E-03 -0.7684430200687028E-02 -0.5902225939363186E-03  0.1041181177300279E-04
  178   0.1141405294167460E+01  0.4542261150800485E-03  0.4410145027767580E-03 -0.4835948177606759E-02  0.5720137324367403E-03 -0.2272331933953510E-04
  179   0.1020304313470886E+01  0.6074181686159469E-03  0.4359869138273486E-03 -0.8993024174625179E-02  0.1233535821705063E-02  0.9963009815267293E-05
  180   0.9128788540137585E+00  0.5594994677574141E-03  0.4189849167490399E-03 -0.7171062750234298E-02  0.1862553898412297E-02 -0.4059034284324352E-04
  181   0.1036331719720601E+01  0.5202344147592717E-03  0.4142342490774783E-03 -0.6628679496051337E-02 -0.4296683167383250E-03  0.1219590414661768E-04
  182   0.9919922242927620E+00  0.5608300841097452E-03  0.4207302357931531E-03 -0.4851872122011008E-02 -0.2926604249132259E-03 -0.1582278069501850E-04
  183   0.9245377240923670E+00  0.4892003769980014E-03  0.4169124430704970E-03 -0.5020361113481418E-02  0.7682600792743180E-03 -0.4193496531851903E-04
  184   0.9539733721857278E+00  0.5790224807472095E-03  0.3909722324296455E-03 -0.6201352021542039E-02  0.8708427071776873E-03  0.2604690436415630E-05
  185   0.9373483306471625E+00  0.5711771840955667E-03  0.3621720217832984E-03 -0.5309757061340096E-02 -0.9596263750067447E-03 -0.3177017291937386E-04
  186   0.9615586658582457E+00  0.4172778632594100E-03  0.4091667154208655E-03 -0.3884138035723580E-02  0.1490222270984642E-02  0.6269641416663969E-05
  187   0.9281261022297369E+00  0.5376140923552175E-03  0.4037277100693781E-03 -0.3888877832679674E-02 -0.4054437703754779E-03  0.1123274772244899E-04
  188   0.9046843424781893E+00  0.5368832623498217E-03  0.3989049667309915E-03 -0.4238752890498382E-02 -0.1078201977978301E-02  0.3619509929385449E-04
  189   0.8863336153566826E+00  0.5079670269453558E-03  0.3668570758760485E-03 -0.4256624890105052E-02 -0.3817043804631168E-03  0.2059146542721977E-04
  190   0.9312111693319373E+00  0.4663330145350384E-03  0.3957140194808538E-03 -0.3370626293640058E-02 -0.9908083598408218E-03  0.1796441420085034E-04
  191   0.9315788707308554E+00  0.5085359811696440E-03  0.3780346596252495E-03 -0.5088364751999606E-02  0.9138553672777195E-03 -0.5597592171053529E-04
  192   0.8385823318880808E+00  0.5247699038796130E-03  0.3783690381967677E-03 -0.3494231440586183E-02  0.4454599526454939E-03 -0.1014532739837948E-05
  193   0.7724809080858409E+00  0.4276017453697430E-03  0.3978096214740868E-03 -0.1843996460495003E-02  0.1821713340162104E-03 -0.1459632552862392E-04
  194   0.8470186155625128E+00  0.5491414342219351E-03  0.3379642022351419E-03 -0.3751446522838319E-02  0.3227479214248124E-03 -0.1875785590395862E-04
  195   0.9037116687735651E+00  0.5271721846966412E-03  0.4455971943487185E-03 -0.3367163099586346E-02  0.9171476158054008E-03  0.1513392133677319E-04
  196   0.8262256356360554E+00  0.4657760977800051E-03  0.4780455895346799E-03 -0.2146671313862705E-02  0.9332031149667828E-03  0.1355087974927782E-05
  197   0.9838512090517715E+00  0.4596423725831864E-03  0.3775751997605938E-03 -0.3145422117073600E-02 -0.5892306350308938E-03  0.4980683320391170E-05
  198   0.9170404268744984E+00  0.5340635882598006E-03  0.4027053075986193E-03 -0.9172579882882617E-03  0.3124396508577026E-03 -0.1356580533270720E-04
  199   0.9421515334061817E+00  0.5183988589727186E-03  0.4226323918653355E-03 -0.3346792050487877E-02  0.7240351042329374E-03 -0.1690661761486505E-04
  200   0.7578188440899175E+00  0.5188924259337135E-03  0.4363862762993327E-03 -0.2296756092142086E-02 -0.5804403084554551E-04  0.1558554978706098E-05
  201   0.8875719883744022E+00  0.5135282665945234E-03  0.3968268160449126E-03 -0.3310390014851408E-03 -0.2257207118110099E-02  0.5167402506811139E-05
  202   0.8531514488990617E+00  0.4916995696005859E-03  0.4125589285410242E-03 -0.8479961235192945E-03 -0.8282031177681655E-03  0.1514068766419942E-04
  203   0.8323302197357958E+00  0.4273606645225705E-03  0.3940916387755251E-03 -0.1881449066462219E-02 -0.2903334214840407E-04 -0.2666376559885164E-04
  204   0.8420649284704423E+00  0.4707006009647011E-03  0.4123914704488991E-03 -0.1677070955607268E-02 -0.4811628326174727E-03  0.9370109091727832E-05
  205   0.8113143541873404E+00  0.5064737466350057E-03  0.4104040370809872E-03  0.2080237682334610E-03  0.5618621679606404E-03  0.1480922264689583E-04
  206   0.8777774930805756E+00  0.5465988998555410E-03  0.3869903990374246E-03 -0.2430335835022385E-02 -0.9411348092342196E-03 -0.5047286525539655E-05
  207   0.8220673941974586E+00  0.4897518339359839E-03  0.4353898425846861E-03 -0.7304278895778021E-03 -0.2059323957894309E-03 -0.6658450956337672E-05
  208   0.8219645519461233E+00  0.4614226451442506E-03  0.4585657765930737E-03  0.2082003170174422E-03  0.3230609936671079E-03 -0.1070517554451452E-04
  209   0.6977127359037185E+00  0.5058548251717710E-03  0.4338599980965704E-03  0.6596813354785073E-04  0.5265835744932158E-03  0.1036760137027560E-04
  210   0.8157833475968564E+00  0.4880926108325863E-03  0.3955431223089358E-03 -0.6454109242057412E-03 -0.1103229183797084E-02 -0.4609269421864605E-05
  211   0.7430105621432052E+00  0.4728202725431241E-03  0.4186209281222494E-03  0.1365016706376973E-02  0.1644133950179858E-03  0.1738987340447715E-04
  212   0.8105449857210572E+00  0.4974036297963373E-03  0.4364751489559990E-03 -0.9137683363691114E-03  0.8561973291188527E-03  0.8249363190181011E-05
  213   0.8502052024242308E+00  0.5200541674277452E-03  0.3786660984632913E-03 -0.6279352226330929E-04 -0.3203983294296084E-04  0.5326126514116420E-04
  214   0.7144635317858362E+00  0.4987021773904403E-03  0.3533264620143102E-03  0.1254387083269639E-02  0.1668253915548770E-04  0.3522041070745755E-05
  215   0.8340775805478743E+00  0.5094666083973935E-03  0.4178939783924719E-03  0.1180267631915933E-02 -0.1144943721336730E-02  0.1465141791082571E-04
  216   0.7143579161679986E+00  0.4902581519023329E-03  0.3770745857635055E-03  0.6316279724269358E-03 -0.9660301394848655E-03 -0.3071159167319971E-05
  217   0.7303057381524332E+00  0.4948315366444222E-03  0.4126717000168602E-03  0.8279334983798242E-03  0.3773754015714390E-03 -0.4219632385541652E-04
  218   0.7677705189145342E+00  0.5616054193637197E-03  0.3788380833855349E-03  0.3689229303665382E-02  0.4423857855121777E-03  0.3409096572849729E-04
  219   0.7476269467401861E+00  0.4997557492135028E-03  0.4164299604327673E-03  0.1682434901022601E-02  0.9564626266515925E-03 -0.3869737740846413E-05
  220   0.7139147890537290E+00  0.5531397895281246E-03  0.3752895229447216E-03  0.1054284604593938E-02  0.3628224117134037E-03  0.1653172757744400E-04
  221   0.7638477388407789E+00  0.5366575211120861E-03  0.3805878598519389E-03  0.1253776357387920E-02  0.7912160912071849E-03  0.4214196922824926E-04
  222   0.7054268898480285E+00  0.5004014603527672E-03  0.3754506287936316E-03  0.1713694824740355E-02  0.6350264405282685E-03  0.1430878174047958E-04
  223   0.6884048523782903E+00  0.5410803207587466E-03  0.3913557063656694E-03  0.1378494979172433E-02 -0.1640877455407110E-02  0.1601413008618131E-04
  224   0.7692337732374301E+00  0.5562815980367879E-03  0.3862911841322251E-03  0.1138858108088547E-02 -0.2561799121564266E-03  0.3348718353837198E-04
  225   0.6120726354174644E+00  0.5236670783621432E-03  0.4152857325325114E-03  0.9465317391041816E-03  0.7737042667154345E-03  0.3569646981258511E-05
  226   0.6535802082405324E+00  0.5584645558140482E-03  0.3807019363753959E-03  0.3748711664568434E-02  0.7545584203633500E-04 -0.2073263700378920E-04
  227   0.7349075917512814E+00  0.5778277367997233E-03  0.3910166657348225E-03  0.3542380240405516E-02 -0.1089228452087161E-02 -0.6637252223512978E-04
  228   0.6996527693201716E+00  0.5208909301695957E-03  0.3634786004263012E-03  0.3198540974298306E-02  0.7727261777893801E-04 -0.5888542808271469E-05
  229   0.5942804248872516E+00  0.5423469681167482E-03  0.3997779782112568E-03  0.4644447428677237E-02 -0.7982344647525682E-03 -0.3421622005885588E-05
  230   0.6984015858139916E+00  0.5236133760124651E-03  0.3922672302498944E-03  0.1711923024022321E-02 -0.1477822360145863E-03  0.7345299535520904E-05
  231   0.6241484463238339E+00  0.5694979669940185E-03  0.4091094679926080E-03  0.5065964091929383E-02  0.1463679563301306E-02  0.2171914300988751E-04
  232   0.7354836794204692E+00  0.6484650142949764E-03  0.4157338766314017E-03  0.5159921836865195E-02 -0.7995442095036902E-03  0.2157520383365407E-05
  233   0.6448863498134786E+00  0.6162314326389679E-03  0.3857911690539422E-03  0.4764530074954317E-02  0.7543429812247194E-03 -0.2220444340204286E-04
  234   0.6049706830138353E+00  0.5436228256056597E-03  0.3376424051182133E-03  0.3797665339800748E-02  0.3315312517801411E-03 -0.3731133011296330E-05
  235   0.6633097272818277E+00  0.6763874940123093E-03  0.4271788878083807E-03  0.3922339786153865E-02 -0.3766884704079747E-03 -0.2674043763788903E-04
  236   0.6587129618222585E+00  0.5062416065519592E-03  0.4199792754386681E-03  0.3559842818705803E-02 -0.5778972501974243E-03 -0.4380889287578003E-05
  237   0.5860007695763781E+00  0.6111618241165513E-03  0.4542766520159619E-03  0.3884519590538957E-02 -0.2467528618573446E-04 -0.1014969705045289E-04
  238   0.5756109677972686E+00  0.5476737762754228E-03  0.3823557343443947E-03  0.4355406178684495E-02  0.7767470994115853E-03 -0.2155745015698840E-04
  239   0.6038793903093049E+00  0.6914497320781163E-03  0.4048371313594416E-03  0.5939555629439913E-02  0.4343571374049116E-04  0.1820201281285953E-04
  240   0.6239806296738286E+00  0.6061177570449650E-03  0.4358125863128802E-03  0.5484493483175594E-02  0.8448175973395051E-03  0.4445363892058449E-04
  241   0.5287308900243173E+00  0.5339531884356578E-03  0.4026379818112375E-03  0.5317981620283838E-02 -0.7860733514007115E-03 -0.2605647498903727E-04
  242   0.5579185601136554E+00  0.6113765136815749E-03  0.4103164333083551E-03  0.5672382286709211E-02  0.1900788452957343E-02  0.3988486653898440E-04
  243   0.5761204304083761E+00  0.5936530497095968E-03  0.3853316333522075E-03  0.5982021415708600E-02 -0.7086638540894449E-04  0.2930499206494777E-07
  244   0.6054537524908117E+00  0.5994817265684856E-03  0.3769349699791020E-03  0.5786108094696069E-02 -0.3989943353884895E-03  0.1550325442612034E-04
  245   0.5813341714254161E+00  0.6405422770918008E-03  0.4124740361732048E-03  0.6425214001259910E-02  0.8301004905460068E-03 -0.9282330602088291E-05
  246   0.5818555505047895E+00  0.6886842257844678E-03  0.4197425654123410E-03  0.7453906649900490E-02  0.7306277691346497E-03  0.4016968846879618E-04
  247   0.5468815564581438E+00  0.6153652905055366E-03  0.4421583250090945E-03  0.5409234280910218E-02  0.3963122023845993E-03  0.3508125942700023E-04
  248   0.4984177792258833E+00  0.6231786327469749E-03  0.3888232068838492E-03  0.6417141651927159E-02 -0.9665503169265968E-03 -0.4795632969732869E-05
  249   0.5402964344848014E+00  0.6192352280929516E-03  0.3909349398513917E-03  0.7277303461916199E-02 -0.9425610895665549E-04 -0.1775777345624209E-04
  250   0.5494848318512809E+00  0.7073733686532885E-03  0.3675808708201704E-03  0.7570485739151268E-02 -0.5814331413023054E-03 -0.5063255543502712E-05
  251   0.4920547745847573E+00  0.6263325515042328E-03  0.4052106730292621E-03  0.6636941623674943E-02 -0.1481312062002727E-02  0.8557068009577050E-05
  252   0.5244607071834085E+00  0.6625288072757688E-03  0.3973274402973275E-03  0.7258853041174484E-02  0.1024967828380472E-02  0.1210816370508670E-04
  253   0.5096826819396862E+00  0.6893051500871541E-03  0.4448443741790970E-03  0.6145417811040799E-02 -0.2108571450243149E-03  0.2604399925136723E-04
  254   0.5027357914250167E+00  0.7145779115558475E-03  0.3943343556557717E-03  0.8280324220563197E-02  0.1802285136731052E-03 -0.1414576815317129E-04
  255   0.4797226290074756E+00  0.6384619578871127E-03  0.3975607862046499E-03  0.5987669831790692E-02  0.1121451503099873E-02 -0.2811064516951176E-04
  256   0.4774224350556218E+00  0.7026277164113223E-03  0.3952202396514072E-03  0.7522740689646749E-02 -0.1371099824267169E-03 -0.9795518085666121E-05
  257   0.4919637271542173E+00  0.7550527756970686E-03  0.3769424963218492E-03  0.7589309595660634E-02  0.6083010257129399E-03  0.5318505173526563E-05
  258   0.5133840527485942E+00  0.6753519037504488E-03  0.4211209502441658E-03  0.7322607736676878E-02 -0.8309609476744551E-03 -0.4272966512123879E-04
  259   0.5152479055652904E+00  0.6728858525153729E-03  0.3810134931020823E-03  0.7817903447669266E-02  0.1314467997207006E-02  0.5711272469907646E-04
  260   0.4607899989662491E+00  0.7051707827715223E-03  0.4089228686031926E-03  0.6842801552596232E-02  0.3831965452884324E-03 -0.1745284732877244E-04
  261   0.4007206360551258E+00  0.7311777858354858E-03  0.4158087812671030E-03  0.7291244386868541E-02 -0.2623882057437906E-03 -0.1601489014388386E-04
  262   0.4699542058233959E+00  0.7432226775960464E-03  0.4252275598922014E-03  0.7818213191551059E-02 -0.1579037184814702E-03  0.1685649570587508E-04
  263   0.4418766972726954E+00  0.8072651099694366E-03  0.4353883744186976E-03  0.7706380875810394E-02 -0.3756613651769513E-03 -0.4745067041427223E-04
  264   0.4681683470856121E+00  0.7207875815490551E-03  0.4341602244928156E-03  0.7776651070342645E-02 -0.6696608611324459E-03  0.3958888991143480E-06
  265   0.4754147079350010E+00  0.7977673592132882E-03  0.3899070773068434E-03  0.8512623377045017E-02 -0.6418408242809139E-03 -0.1171346819662291E-04
  266   0.4675015613872865E+00  0.8054890505850340E-03  0.3886566472286985E-03  0.8695898201927420E-02  0.8365856354522343E-04 -0.8801285902522059E-05
  267   0.3891910669510092E+00  0.7222493805700833E-03  0.3892059715356560E-03  0.6405446415689980E-02 -0.5665070017660783E-03 -0.2396443711325315E-04
  268   0.4426039776313228E+00  0.7203078546629730E-03  0.4149724215510612E-03  0.6964624281669219E-02 -0.8881645002565322E-04  0.2807575643659202E-04
  269   0.4354920604882327E+00  0.8957686475208420E-03  0.4083484980650138E-03  0.7671059055266748E-02  0.1377243908086400E-02  0.4595947468212390E-05
  270   0.3978776608282124E+00  0.7786589660842820E-03  0.3909846488054834E-03  0.8367747100710988E-02  0.1570104345686068E-02  0.5629072976140202E-04
  271   0.4509926733772086E+00  0.7548551221584722E-03  0.3836825289021430E-03  0.8745330777207983E-02 -0.2385193364005107E-03  0.4110955321111145E-04
  272   0.3864543699452531E+00  0.8539971046142743E-03  0.3398535674666544E-03  0.8527895041739874E-02 -0.7267922812653769E-03 -0.2360787594673129E-04
  273   0.3913617093491681E+00  0.8081962873552787E-03  0.3847982414136797E-03  0.7267500459292942E-02  0.3822923197158334E-04 -0.3191938312811024E-04
  274   0.4208383671050968E+00  0.8079673329312852E-03  0.3762575898909082E-03  0.9490769379458123E-02 -0.2334173064422388E-03  0.1149430525168296E-04
  275   0.3721552471442284E+00  0.7905268789358923E-03  0.3756973681100747E-03  0.7717203968628991E-02 -0.4252776512466050E-03  0.3280900748373239E-05
  276   0.3792110161033505E+00  0.8153194767108812E-03  0.3697895796655691E-03  0.7047725125008318E-02 -0.3429217754016861E-04  0.1496151888010742E-05
  277   0.4120460026618561E+00  0.8538706579529517E-03  0.3721666349298711E-03  0.9368416314445316E-02 -0.6552410229293037E-03 -0.3664570799289508E-04
  278   0.3459103632880309E+00  0.7942311451149175E-03  0.4159849357995274E-03  0.8183074499831616E-02 -0.2664221042619689E-03  0.4558669241245918E-05
  279   0.3914058944500188E+00  0.8875511826000142E-03  0.4136660687206434E-03  0.9113317033978488E-02  0.4159029442620508E-04  0.6208602791641756E-05
  280   0.3313374254636762E+00  0.9184347836291131E-03  0.3956558649429267E-03  0.8234470164633134E-02 -0.4096080116766558E-03 -0.6055019959205420E-04
  281   0.4049395675732416E+00  0.9189063249142892E-03  0.4040069666448211E-03  0.1057903918557190E-01  0.3124723021870315E-03  0.2269136663574622E-04
  282   0.3702068016582006E+00  0.8330594559941718E-03  0.4288223124790928E-03  0.8704741229697057E-02  0.9112540095937615E-03  0.2361095165963607E-04
  283   0.3466896801526939E+00  0.9296904674196088E-03  0.4317947187214369E-03  0.8294386329954462E-02  0.1532832240940207E-03  0.1251714478649232E-04
  284   0.3875613877896397E+00  0.1055642657230409E-02  0.4032145754130032E-03  0.9899139779354050E-02 -0.3145083817684659E-03 -0.2726962649034323E-04
  285   0.3302667299164679E+00  0.1000241186745252E-02  0.4058819045646760E-03  0.8006310960790736E-02  0.3145549213111113E-03 -0.3073841059936487E-04
  286   0.3239638087460993E+00  0.8725420570278442E-03  0.4101775690912996E-03  0.7203944001873416E-02  0.5765262384393196E-03  0.3614431649677619E-05
  287   0.3129590892954328E+00  0.7715194677148803E-03  0.3836122106148662E-03  0.6286947311914379E-02  0.7313902700024174E-03  0.1375857948494926E-04
  288   0.3454848642940201E+00  0.1018191212478815E-02  0.3900357150430762E-03  0.9613235091610077E-02 -0.5721955768763028E-03 -0.2087940208175967E-05
  289   0.3302133193105980E+00  0.1084280660965522E-02  0.4090279643392266E-03  0.1018580998154919E-01 -0.2237126503390083E-03 -0.1199167397793800E-04
  290   0.3141800242138670E+00  0.9384403862436455E-03  0.4047766394945301E-03  0.8440375063132138E-02  0.8740401752171885E-03  0.1872013464230027E-04
  291   0.3171163065432714E+00  0.1058099331013264E-02  0.4130743576123400E-03  0.8598583882431114E-02  0.4220336580751725E-03  0.9854379106653538E-05
  292   0.2984168298782556E+00  0.9972034781058625E-03  0.4066892511048452E-03  0.8164518876834207E-02 -0.1604480101973312E-03 -0.1866250724160420E-04
  293   0.2956804051000113E+00  0.9413845887788303E-03  0.3875598259118712E-03  0.7359062835990336E-02 -0.3170162618997086E-03 -0.1233614665926855E-04
  294   0.2963072620532390E+00  0.1094306925126478E-02  0.4292033692753836E-03  0.8718793388832380E-02 -0.2332201863434721E-03  0.2981557479520382E-04
  295   0.2794076741889244E+00  0.8933540133993205E-03  0.4174504915689326E-03  0.6632278290121470E-02  0.8770699995517682E-04  0.8740197075953487E-05
  296   0.2676561077500643E+00  0.1069036914746495E-02  0.3878297681309323E-03  0.7268089898497487E-02  0.3736683987960940E-04  0.3386251395725566E-05
  297   0.2894500266363736E+00  0.9793018296620271E-03  0.4192059375859384E-03  0.7834174624900185E-02  0.6765546996396476E-03  0.1030044829720954E-04
  298   0.2843392285391674E+00  0.9484585284751249E-03  0.3544211677691618E-03  0.7812548014004701E-02  0.5246615772069461E-03  0.8466434161182999E-05
  299   0.2569775007934888E+00  0.9880403132230674E-03  0.4088646710474602E-03  0.7339706926157949E-02 -0.4013617836760838E-03 -0.4798868407324500E-04
  300   0.2733519081531249E+00  0.1007480944708198E-02  0.4220448018607806E-03  0.8235737957835080E-02 -0.1822644748987289E-03 -0.4567892567366619E-05
  301   0.2520353023356920E+00  0.1138263078353361E-02  0.3969263078068999E-03  0.7429524379754572E-02  0.4406551748834269E-03 -0.1868190219262483E-04
  302   0.2731410409607913E+00  0.1116854093883103E-02  0.4019892685310088E-03  0.8048451761055352E-02  0.5585311510537676E-03 -0.2377861305534181E-04
  303   0.2646875705391835E+00  0.1140757540697375E-02  0.4265730924897243E-03  0.9193942278494155E-02 -0.7652302986787317E-04 -0.6706721891882371E-05
  304   0.2427041732963921E+00  0.1118919021320270E-02  0.4263622771613446E-03  0.8136704006444196E-02 -0.5396689704563450E-04 -0.7052588783364151E-06
  305   0.2313582691347711E+00  0.9592753984973349E-03  0.3674584839424769E-03  0.8071682682223904E-02  0.5676311702336803E-03  0.2823044088512954E-04
  306   0.2535211414761788E+00  0.1180509405758502E-02  0.3903761350761575E-03  0.8550223297589067E-02 -0.7101626504736043E-03 -0.3623038146156448E-04
  307   0.2340791262350158E+00  0.1061745693967727E-02  0.3844241827403090E-03  0.7179196839197342E-02 -0.1068684437379684E-03  0.2915867604024866E-04
  308   0.2332097933364125E+00  0.1066763110184818E-02  0.4073037557644962E-03  0.6341784708245663E-02 -0.5787744721293500E-03 -0.2032483993749761E-04
  309   0.2545957989244553E+00  0.1230040895639480E-02  0.4387348715820403E-03  0.8179541522166978E-02 -0.2079822312278378E-03 -0.3617173648865350E-04
  310   0.2262760161378463E+00  0.1124097503799098E-02  0.4161482847090027E-03  0.7228490611441114E-02 -0.6071170245874655E-04 -0.3442741128384939E-04
  311   0.2147484187621718E+00  0.1069698506165320E-02  0.3905708350325725E-03  0.5717532561773403E-02 -0.3054336635264265E-03  0.1758156618224901E-04
  312   0.2355761968222198E+00  0.1000234884303102E-02  0.4029896893292945E-03  0.7067599335202536E-02 -0.2176298168704235E-03  0.3902171028900883E-04
  313   0.2172786732841567E+00  0.1129436730171939E-02  0.3624515523105639E-03  0.7658362934441304E-02 -0.2010419866944822E-03 -0.7385913992911034E-05
  314   0.2194283386199000E+00  0.1106034704766335E-02  0.3808229982209805E-03  0.7063641217940056E-02  0.2405031047817374E-03 -0.1774941663053660E-05
  315   0.2106419437776194E+00  0.1269679300396195E-02  0.4312591257193590E-03  0.7898708413122126E-02 -0.2309683409617266E-04  0.1786205674776983E-04
  316   0.2217951999811104E+00  0.1143896169869163E-02  0.3963988687044735E-03  0.7750462150033599E-02 -0.1732144077957462E-03  0.2277308100225369E-04
  317   0.2051271458143783E+00  0.1161359555830409E-02  0.4463270787364783E-03  0.7300967328025663E-02  0.1817671450334897E-03 -0.4957862166007124E-05
  318   0.1978311208449584E+00  0.1168827846481962E-02  0.3873454500036748E-03  0.7004111439514120E-02 -0.1147554459230798E-03 -0.4263267047299916E-04
  319   0.2163701838400803E+00  0.1216099669110582E-02  0.4301369180817683E-03  0.7504288233869911E-02  0.2124274864916731E-03 -0.1014047060746437E-04
  320   0.2072243252557504E+00  0.1178622468647038E-02  0.4121053917665039E-03  0.6015050370659532E-02  0.3575364021159762E-04  0.3636828430077169E-04
  321   0.2000135146229281E+00  0.1196146390667068E-02  0.3922869032999430E-03  0.6561914808464383E-02 -0.1571880855493747E-03  0.1207602893235726E-04
  322   0.1849614445858907E+00  0.1278141789284919E-02  0.4127200973951186E-03  0.6236136950872293E-02  0.4464200890393808E-03  0.2354874068913250E-04
  323   0.1745538569016250E+00  0.1233897036628524E-02  0.3952724882617800E-03  0.5748360177053572E-02 -0.9102675855601705E-05 -0.1791844850074046E-05
  324   0.1915077643873511E+00  0.1252669193072014E-02  0.4247159218655579E-03  0.7416706302788310E-02 -0.6041365037187215E-03 -0.1306110295749627E-04
  325   0.2006332965270990E+00  0.1185622729593534E-02  0.4210242151728034E-03  0.7470582739850689E-02  0.1019972576295410E-03 -0.8124578147261275E-05
  326   0.1865041210540146E+00  0.1178078813798856E-02  0.3992861824162672E-03  0.6386618454172243E-02  0.1592468117194388E-03 -0.1230099652776134E-04
  327   0.1854580735445223E+00  0.1268333543758446E-02  0.4095363191199494E-03  0.6523389377417947E-02  0.9750401569190088E-05  0.8817051783987948E-05
  328   0.1718797601645173E+00  0.1261200694201026E-02  0.3929773590517716E-03  0.5827681265232860E-02 -0.4244757396144166E-04 -0.1621763167806006E-04
  329   0.1637831980170966E+00  0.1210657020776384E-02  0.4039178673480901E-03  0.5893140918573154E-02  0.2398770358466883E-03  0.2262100051592201E-04
  330   0.1678503326578675E+00  0.1345500295625197E-02  0.3985921925995043E-03  0.6193456112450341E-02  0.3338020018038878E-03  0.2178909539213589E-04
  331   0.1695861509582303E+00  0.1240200509603865E-02  0.3500543878656428E-03  0.5712739711416446E-02 -0.2741367715137677E-03 -0.3537939321031214E-04
  332   0.1542920159664762E+00  0.1213403915057016E-02  0.3853094785555190E-03  0.5659760801973002E-02 -0.4369254561380523E-03 -0.7523485514450427E-04
  333   0.1647424251367040E+00  0.1310701010844285E-02  0.3799390178100981E-03  0.6591362856470301E-02 -0.5743215682556788E-04  0.9928974722368164E-05
  334   0.1566615554630803E+00  0.1173143763641767E-02  0.4200107708972214E-03  0.5511965568914351E-02  0.2713536487132564E-03  0.2277555783866564E-04
  335   0.1507439626891041E+00  0.1294352741589232E-02  0.4131493863257930E-03  0.6121017320602864E-02 -0.5681335316909163E-03 -0.1561451454932525E-04
  336   0.1556451965680471E+00  0.1261495680982706E-02  0.4388535292045566E-03  0.5876830103001905E-02  0.1716871019687623E-03 -0.2336616684955146E-04
  337   0.1479949322622114E+00  0.1383427396857227E-02  0.4272037970854332E-03  0.5870441674195321E-02 -0.3678370175284072E-05  0.2305545388246860E-05
  338   0.1599375099997350E+00  0.1273412516768303E-02  0.3787954096474909E-03  0.5905643990354020E-02  0.1197045320761725E-04 -0.4344051960367272E-05
  339   0.1617417865959926E+00  0.1354661849364480E-02  0.3853206805157613E-03  0.5644878497273599E-02 -0.3200830651798228E-03 -0.6851209417318964E-05
  340   0.1534049974250019E+00  0.1319553077271157E-02  0.4149013219073477E-03  0.5756593796029000E-02  0.2586303743603846E-03  0.4814652248701420E-04
  341   0.1390703398612772E+00  0.1245742227257093E-02  0.4312117495879816E-03  0.4152770827405994E-02 -0.1617561701371317E-03 -0.5356998206435644E-05
  342   0.1334903215271595E+00  0.1421208929459468E-02  0.3940897983757485E-03  0.5566900349258806E-02  0.2222519654311000E-03 -0.2822713906020075E-05
  343   0.1362369397496699E+00  0.1231628387013819E-02  0.3903420614148207E-03  0.4566565920411277E-02  0.3737293952725376E-03  0.4929683387026381E-04
  344   0.1416347722925453E+00  0.1342650529552981E-02  0.4205704145028645E-03  0.5415744014439174E-02  0.2408234474250146E-03  0.2379123182440236E-04
  345   0.1371993944569478E+00  0.1360592385255463E-02  0.3968985685442817E-03  0.5485887996911226E-02  0.9409393674017285E-04 -0.5571359157866636E-05
  346   0.1396598582938476E+00  0.1260529735458571E-02  0.4389339641500522E-03  0.5674802665287932E-02 -0.2130540180624862E-03  0.2854682181510118E-04
  347   0.1298146259922385E+00  0.1135231388658622E-02  0.4394618796746732E-03  0.4061846459757987E-02 -0.3445327109247440E-03 -0.5854709539019222E-05
  348   0.1294293218728488E+00  0.1296610293599751E-02  0.4006221622813971E-03  0.4193123343262392E-02 -0.2613489995419466E-04 -0.5138221090530142E-04
  349   0.1326719501979663E+00  0.1354344007305744E-02  0.3862482723165524E-03  0.4295981400643629E-02  0.1941691232256325E-03  0.4378009605906139E-04
  350   0.1122677147905002E+00  0.1233327415867888E-02  0.4066239248904010E-03  0.4199694937214117E-02 -0.3672387679195988E-03 -0.2014183044976738E-04
  351   0.1268637142876030E+00  0.1314671891763311E-02  0.3782866063085962E-03  0.4426275925626370E-02 -0.1768731715063154E-03 -0.5035286016223025E-05
  352   0.1351732681046032E+00  0.1376006451864910E-02  0.3472854355354010E-03  0.4666787073615868E-02 -0.3961294210981495E-04  0.2392625162683199E-04
  353   0.1263887624379466E+00  0.1409130908925897E-02  0.3782294769241469E-03  0.4064835389012546E-02  0.2639057860022922E-03 -0.6944964833188317E-05
  354   0.1180233193711739E+00  0.1332156284467292E-02  0.3975634018284201E-03  0.4104961959356417E-02  0.4583756682977676E-03 -0.3110559958328605E-05
  355   0.1178013177268111E+00  0.1425249324802253E-02  0.4243623984540742E-03  0.4193191179408088E-02 -0.3361014468554927E-03 -0.3927560585803157E-05
  356   0.1142661830502997E+00  0.1267028268976804E-02  0.4166554626471603E-03  0.4028987967125583E-02 -0.8546622057654940E-05 -0.6597137714349393E-04
  357   0.1225618339959370E+00  0.1325492771207436E-02  0.4539490396528030E-03  0.4614816831766852E-02  0.3721046618304438E-03 -0.2787324812433588E-05
  358   0.1062551891316988E+00  0.1272148984177646E-02  0.4100751414641856E-03  0.3453098357410842E-02  0.7114522641338731E-03 -0.7115101129280157E-05
  359   0.1120129095606631E+00  0.1450822685438210E-02  0.4056988835494333E-03  0.4164058414571146E-02  0.2256241061610022E-03  0.2273604766576783E-04
  360   0.1079748342665030E+00  0.1431727405092056E-02  0.4023052766259881E-03  0.3733776580671237E-02 -0.1279803299605204E-03  0.3145505713134013E-04
  361   0.1040379256193360E+00  0.1293075623527188E-02  0.3995009224226060E-03  0.3158949889525150E-02  0.1099576271309121E-03  0.3314790025086104E-05
  362   0.1044083880139897E+00  0.1346361867575786E-02  0.4157933521440551E-03  0.2942115918067288E-02 -0.3276840747089158E-03  0.1356183216209742E-04
  363   0.1069844733580929E+00  0.1255700994734121E-02  0.3981834310903848E-03  0.3263082721122041E-02  0.4777326447333392E-03  0.1275643296433894E-04
  364   0.9289296614335057E-01  0.1265235456661546E-02  0.4321107461777945E-03  0.2392138108599884E-02  0.1091379510361094E-03 -0.2806795942891891E-04
  365   0.1011206805425953E+00  0.1230959073730991E-02  0.3785600880865567E-03  0.2793303697936469E-02  0.1400362811803820E-03 -0.1830279040705814E-04
  366   0.9751710590239655E-01  0.1324458206742864E-02  0.3976659437898896E-03  0.1903305703718057E-02 -0.4491449937595497E-04  0.1639455503585631E-04
  367   0.9573057026178076E-01  0.1342548528526183E-02  0.3623419990627472E-03  0.2302394034550144E-02  0.6499793371134389E-04 -0.4792250525959083E-04
  368   0.9043553652573547E-01  0.1435479864424054E-02  0.3436144823902088E-03  0.2209414795744784E-02 -0.2957678319853533E-03 -0.1760798246142117E-04
  369   0.9323644890998398E-01  0.1405333658582164E-02  0.4406027590646291E-03  0.2785698672754889E-02  0.6430680595753021E-04  0.8911526907663844E-05
  370   0.9454082186898442E-01  0.1366861254873723E-02  0.3927120157582278E-03  0.2705382176040197E-02 -0.5557713920250251E-04  0.4704514710512041E-04
  371   0.9191860698677030E-01  0.1295807075147792E-02  0.3767027883328776E-03  0.1855118636698017E-02 -0.2412765177808458E-03 -0.4150059407093886E-04
  372   0.9103831232877918E-01  0.1332103554475264E-02  0.4193875500337552E-03  0.2097644220483520E-02 -0.2400845046675261E-03  0.3025020607892564E-04
  373   0.9351486658081032E-01  0.1367027453968108E-02  0.4354581775232874E-03  0.1593420977718430E-02 -0.3444902432516222E-03 -0.2309317566908105E-04
  374   0.8781773657757862E-01  0.1348255809858997E-02  0.4024195951699139E-03  0.2106069493888596E-02  0.3088830617094958E-03  0.2895531472507931E-04
  375   0.8158741848465124E-01  0.1429728373120820E-02  0.3904857815393166E-03  0.1636956656775986E-02  0.1107142143804522E-03 -0.4020044797605483E-04
  376   0.8591198393093830E-01  0.1394788425509497E-02  0.3923112030624649E-03  0.1872858513698910E-02  0.1499990643737950E-05  0.2712178651213386E-04
  377   0.8359436365966981E-01  0.1366492872883225E-02  0.4298257349026226E-03  0.1947005710795273E-02 -0.9067417186757645E-04 -0.1097892387693341E-04
  378   0.8697147874379066E-01  0.1269764631555853E-02  0.4154668918197119E-03  0.1230177140643843E-02  0.2704624731848053E-03  0.1886016388014243E-04
  379   0.8177203769280683E-01  0.1278024074103264E-02  0.4020393758169461E-03  0.1773452001114301E-02  0.2558733566910233E-03 -0.2300185712391641E-04
  380   0.7633797443282433E-01  0.1297678473203307E-02  0.4202512601730002E-03  0.1452971642193466E-02  0.1223007949934966E-03  0.3654333117158506E-06
  381   0.7810597796804697E-01  0.1271444193810170E-02  0.3940445134382742E-03  0.1421341915328023E-02  0.2878078423387772E-03  0.2135751962685417E-04
  382   0.8186398246706621E-01  0.1291990804377259E-02  0.4032149691481955E-03  0.2018547654257728E-02  0.1039527770200811E-03 -0.2438078252801354E-04
  383   0.7253024927630368E-01  0.1280518288651026E-02  0.4505711517639160E-03  0.1222484734643280E-02 -0.4948417134348757E-04  0.2082185715051512E-04
  384   0.7444380836684061E-01  0.1280135707209063E-02  0.3733624897778744E-03  0.1628907333364989E-02  0.3216592526093600E-03 -0.1233587468175263E-04
  385   0.7301964105382894E-01  0.1349247173651596E-02  0.3907691280101721E-03  0.5833586102960196E-03  0.2627656498178318E-03 -0.3303762332670982E-05
  386   0.8108493800750224E-01  0.1215773043553708E-02  0.4092998895065088E-03  0.9658777907357210E-03 -0.2387992867454477E-03  0.2400423178811966E-04
  387   0.7191664329269254E-01  0.1235237992051879E-02  0.3865636615860779E-03  0.9028486467257356E-03 -0.1463588769491602E-03 -0.8427103209406701E-05
  388   0.7367646120920007E-01  0.1386834789989225E-02  0.3690518358470708E-03  0.6349293550680724E-03 -0.2747020645950928E-04 -0.5234561974603667E-05
  389   0.6512120540867697E-01  0.1380823257191695E-02  0.4069510931980877E-03  0.1871457153771011E-03 -0.2858980995158037E-03 -0.1979444641412664E-04
  390   0.7234475889479297E-01  0.1374848899173499E-02  0.4263056676719168E-03  0.6949440075723415E-03  0.7418221490108754E-04  0.3105823486219167E-04
  391   0.7618645182266159E-01  0.1201531463966089E-02  0.4224301968753349E-03  0.8969574964722850E-03 -0.5184717317841485E-04  0.1618283436255873E-04
  392   0.7126498695607593E-01  0.1271338346537372E-02  0.4160812974913197E-03  0.5177706232701433E-03  0.5920306120817550E-04 -0.1283076681929902E-04
  393   0.7077146831053076E-01  0.1400515462331033E-02  0.4078213324666411E-03  0.5172257922821982E-03 -0.1307486617037092E-03 -0.2023652732728676E-04
  394   0.6709535813579072E-01  0.1270460024990776E-02  0.4145048534032731E-03  0.4194630004117359E-03 -0.4646192061095562E-04  0.4569035278499640E-04
  395   0.7035070712691281E-01  0.1281593619816761E-02  0.4053538008980050E-03  0.2138206201948083E-04  0.3261136691495541E-03  0.4484448331784588E-05
  396   0.6912063221742076E-01  0.1233313758775020E-02  0.3819351513299643E-03  0.5089633131047251E-03  0.2193356731399035E-05  0.1348638414128601E-04
  397   0.7555389611236711E-01  0.1296934083533118E-02  0.3958219335068820E-03 -0.3938753031619236E-04 -0.4938196318821997E-04  0.2171577199708131E-04
  398   0.6775777289811463E-01  0.1290918131662248E-02  0.3892345258637504E-03 -0.3870808070903179E-03 -0.3236406002445359E-03 -0.3138260674345859E-04
  399   0.6814152653996251E-01  0.1246914735238087E-02  0.4146205534550394E-03  0.2254517475483013E-04 -0.1787252485084709E-03  0.5432295216727868E-04
  400   0.6681461214653617E-01  0.1143745100804811E-02  0.4138187711212225E-03  0.1003735903806533E-03 -0.3515147585322227E-03  0.1532588745658643E-04
  401   0.6750221700767578E-01  0.1199113501363827E-02  0.3445518915411376E-03  0.1879295365805731E-03 -0.6947495964041046E-04  0.1345975263101777E-05
  402   0.6307445853483427E-01  0.1112974737660354E-02  0.3830085431792101E-03 -0.1352775135114851E-03 -0.1773828149561018E-03  0.6374806458424248E-04
  403   0.6406618645720928E-01  0.1194523908202009E-02  0.4149640947557312E-03 -0.5223089425262206E-03  0.4615658070056313E-04  0.8244295128558202E-05
  404   0.6547353672773883E-01  0.1241354947510901E-02  0.3946884883765264E-03 -0.3700049845583306E-03 -0.2079046497338770E-03 -0.4568072646486993E-04
  405   0.7310971431207607E-01  0.1192487135800950E-02  0.3728757016851022E-03 -0.1260914791931031E-02 -0.1012486705997673E-03 -0.3659734398697577E-04
  406   0.6510455622926707E-01  0.1107558267497632E-02  0.4137710943742783E-03 -0.8648815393245308E-04 -0.9335544222299042E-04  0.1873900239770629E-04
  407   0.6652781850658307E-01  0.1245759967648130E-02  0.3897139956829382E-03 -0.1490972185896082E-02 -0.7396954680752650E-04 -0.1863362196483567E-04
  408   0.6449768525860843E-01  0.1126529942414090E-02  0.3822998020769921E-03 -0.3611738582177999E-03  0.7315785533219779E-04  0.5493743521078977E-04
  409   0.6624697202774682E-01  0.1115036326877781E-02  0.4038570447327085E-03 -0.1452017480347961E-02 -0.1008615229895072E-03 -0.2191537176359285E-04
  410   0.6922700559013986E-01  0.1248888897625386E-02  0.3927195753830759E-03 -0.7179458565834374E-03  0.3636034839442571E-03  0.5762655668534421E-06
  411   0.6645161348309012E-01  0.1075163092499983E-02  0.3863274569401660E-03 -0.6487804916515513E-03 -0.2352997414669598E-03 -0.9006307752371767E-07
  412   0.6228150476215177E-01  0.1224569305717933E-02  0.4577224675865798E-03 -0.6456645745203656E-03  0.5186381846359143E-03 -0.3190948991307036E-05
  413   0.6009091787776541E-01  0.1171687112185797E-02  0.3996624588011021E-03 -0.9410071452208912E-03  0.2865491416335920E-03 -0.1790449542578307E-04
  414   0.6243726956851194E-01  0.1072750016236724E-02  0.3845852786987362E-03 -0.1303983141365710E-02 -0.9569659829974278E-04 -0.1623828533058982E-04
  415   0.6267867143109368E-01  0.1128681396606559E-02  0.4346493209772079E-03 -0.1212815072801087E-02 -0.3915572903323722E-03 -0.3774658926585289E-04
  416   0.6680150306409970E-01  0.1091761674249936E-02  0.4072339148970910E-03 -0.1252005953436148E-02 -0.1186406649079182E-03 -0.4344974419315762E-04
  417   0.6250831577989138E-01  0.1127419300368698E-02  0.3920830945438225E-03 -0.1118940088929499E-02  0.2596847765651390E-03  0.1006017573980791E-04
  418   0.5987486916516971E-01  0.1148898345286439E-02  0.3947670452087013E-03 -0.7790275860526456E-03 -0.1113880029519376E-03 -0.4817935489597552E-04
  419   0.5879715605666425E-01  0.1128164023614684E-02  0.4156742723340322E-03 -0.5062429302849793E-03 -0.1387216937125928E-03  0.3701082964270033E-04
  420   0.6182727793570288E-01  0.1148435326386065E-02  0.3661009812877172E-03 -0.1101303135126262E-02 -0.2346489234942612E-03  0.1187459302865248E-04
  421   0.5808649615789548E-01  0.1143462190102082E-02  0.4127228152951242E-03 -0.1576426371290966E-02  0.3079774755203797E-03  0.2100066033908803E-05
  422   0.6439342285484087E-01  0.1050558470418379E-02  0.3664970724563175E-03 -0.1849605102245080E-02  0.9281396298171564E-04  0.2125785061611699E-04
  423   0.6548842054500405E-01  0.1110618499061319E-02  0.3834263743316506E-03 -0.1681076786569227E-02 -0.1136047082147846E-03  0.7441394964289776E-05
  424   0.6129445192259458E-01  0.1040457104924156E-02  0.4279270864416528E-03 -0.1374195725049155E-02 -0.2211382254963252E-03  0.1493046812951785E-04
  425   0.6102863702390195E-01  0.1152511669028788E-02  0.4286636828649312E-03 -0.2112652833743313E-02  0.2781719125263378E-03 -0.4133930683475999E-04
  426   0.5435227521865189E-01  0.1034906579142883E-02  0.3991623559198813E-03 -0.1454697569676098E-02 -0.2923646728514677E-03  0.4540996941352805E-05
  427   0.6131367578393585E-01  0.1094515978116927E-02  0.4010675220521620E-03 -0.2171106753652020E-02  0.4441390165248103E-04 -0.1120353963299932E-05
  428   0.5748599770087207E-01  0.1030370579831653E-02  0.3679933329450839E-03 -0.1690422393488558E-02  0.2547678546997429E-05 -0.5270292133634668E-04
  429   0.6019191825100682E-01  0.1037292726691130E-02  0.3773525173371426E-03 -0.1677192545755522E-02  0.6357253414184929E-04 -0.2156846270786606E-04
  430   0.6474700916951333E-01  0.9260137622443072E-03  0.4060672533963613E-03 -0.1845761921108365E-02  0.2272424296835265E-03 -0.5159828484583799E-04
  431   0.5956042115585135E-01  0.1040624151641967E-02  0.3781636701713254E-03 -0.1586703523693003E-02 -0.3664437182889397E-04 -0.3329410610715773E-05
  432   0.5635299686833839E-01  0.9971385291162561E-03  0.3961063184449964E-03 -0.1512523534690273E-02  0.1895351640474768E-04 -0.1533133045348925E-04
  433   0.5705590923352501E-01  0.1030481834411968E-02  0.3957297103410708E-03 -0.1796837094422082E-02 -0.1994953804182314E-03  0.4143153867370978E-04
  434   0.6740551645475008E-01  0.9797940525667547E-03  0.4064396468902955E-03 -0.1703401130299854E-02  0.8320588606366374E-04  0.3106025065092791E-05
  435   0.6103662889348255E-01  0.1035131198255649E-02  0.4281485261065989E-03 -0.1932327072323373E-02 -0.3337746291380783E-03 -0.1123487117201126E-05
  436   0.6767691342321161E-01  0.9232650253898478E-03  0.4135613264764469E-03 -0.2105066335743509E-02 -0.3798267772303697E-04  0.3733558755942312E-05
  437   0.5674203910285386E-01  0.9261971436217821E-03  0.3792698995013997E-03 -0.1831662032222317E-02 -0.4289574313789818E-04 -0.6356174925893854E-05
  438   0.6173862876532477E-01  0.1070251816761851E-02  0.3806329936392323E-03 -0.2138227591403248E-02 -0.8868049734340988E-04 -0.1146981289461628E-04
  439   0.5706525822562194E-01  0.1051595571604161E-02  0.3554508106385652E-03 -0.2172579468514735E-02 -0.1125968271052384E-03  0.5683254001487705E-06
  440   0.6432150410877616E-01  0.9407213106963643E-03  0.3750206700968386E-03 -0.2169487005746824E-02 -0.3799300486393036E-04  0.2935803824547715E-04
  441   0.6045757983252091E-01  0.8820077649263418E-03  0.3770405489535414E-03 -0.1995052423062115E-02 -0.1355188953545975E-03  0.1121551350588588E-04
  442   0.5978808334983719E-01  0.9199609596267024E-03  0.3956237944420094E-03 -0.2167077185536522E-02  0.2718929463634959E-03 -0.3550134916242353E-04
  443   0.5908845603600616E-01  0.9462380790902725E-03  0.4231481191254858E-03 -0.2481572501610467E-02 -0.1261821940989961E-03  0.5152575925018154E-05
  444   0.5791524988930952E-01  0.9049731696577310E-03  0.4261283800513525E-03 -0.2087081674655296E-02 -0.1117516420088314E-03 -0.9046657566580429E-06
  445   0.6362300397029864E-01  0.8873629598505948E-03  0.4111798000035770E-03 -0.2036951286615346E-02 -0.1683752528416652E-04 -0.3428376532618816E-05
  446   0.5972064880536760E-01  0.9245833985434046E-03  0.4168402596417074E-03 -0.2420437487938346E-02  0.1955266237281347E-04 -0.1236885525673692E-04
  447   0.5994244064000198E-01  0.9296650060803888E-03  0.4167486544669322E-03 -0.2120592840607006E-02  0.4852870384845504E-03 -0.2397190568452460E-04
  448   0.6379948224520940E-01  0.8586844348028908E-03  0.4016340036848642E-03 -0.1983274125950453E-02 -0.1547627745984810E-03 -0.1842402604903656E-04
  449   0.6179913308187755E-01  0.9091447261456684E-03  0.3690776725202611E-03 -0.2254230600690393E-02  0.1394625826604344E-03 -0.1931161599232643E-04
  450   0.6542244662957203E-01  0.9200986972651236E-03  0.3987588148402883E-03 -0.2472679398833442E-02 -0.9834496980217539E-04  0.4808921166929991E-04
  451   0.5998482213324180E-01  0.8622204571329196E-03  0.4340432547198056E-03 -0.2172340526219626E-02 -0.3891924998562482E-03 -0.3766874581967508E-05
  452   0.6562005903362646E-01  0.8640061997316361E-03  0.4205271338116213E-03 -0.1821678816014560E-02  0.7792776878921408E-04 -0.4056881759371753E-04
  453   0.5656809097967963E-01  0.8399320408405325E-03  0.3839633311098732E-03 -0.1716743039710811E-02  0.1442395983588653E-03 -0.9823900316617058E-05
  454   0.6354205829977680E-01  0.9004046500414947E-03  0.4123899509896337E-03 -0.2762747423465104E-02  0.7914995329496570E-04  0.2971756300819984E-05
  455   0.6274779163400877E-01  0.8086999912213461E-03  0.3951623781648751E-03 -0.2239923481263102E-02  0.1151436336020689E-03 -0.5162387329335376E-05
  456   0.6381151742365070E-01  0.8997710456539925E-03  0.4191703008518134E-03 -0.2401382308113494E-02 -0.2651067362935457E-03  0.1320603233044961E-04
  457   0.6052927684990224E-01  0.8563218603240660E-03  0.3918900918299656E-03 -0.2359395388358198E-02  0.2630064841720932E-03 -0.2188695125496709E-04
  458   0.6036268368662722E-01  0.8476710826295924E-03  0.4283569071143343E-03 -0.2209565011559729E-02 -0.2017335497788378E-03  0.1800084517364592E-05
  459   0.6095711775401402E-01  0.8297733647418506E-03  0.4474510292405710E-03 -0.2379028282560920E-02  0.3998765101165639E-03 -0.3719466408651063E-04
  460   0.5817713359147097E-01  0.7890326634521786E-03  0.4055825773009513E-03 -0.2068705655840014E-02  0.1175757887141458E-03  0.2504925534723355E-04
  461   0.6254405771451285E-01  0.7942832394119672E-03  0.3725752636275553E-03 -0.2242347891536221E-02 -0.2720938880468721E-03 -0.1295221950088418E-04
  462   0.5939176234072958E-01  0.7880567324079456E-03  0.4021457658051143E-03 -0.2092749833563049E-02  0.1168061806064283E-04  0.1596219492847976E-04
  463   0.6580596437919219E-01  0.8175858149489803E-03  0.3748114614459185E-03 -0.2105716003141490E-02  0.6627969162250557E-04  0.7720182234295263E-05
  464   0.6292896781295410E-01  0.8177418396882293E-03  0.4147953824185221E-03 -0.2144624530130922E-02 -0.2319152995651254E-03 -0.1056770892213178E-04
  465   0.6310107255160929E-01  0.8362819846441128E-03  0.4109693958158312E-03 -0.2400552446795802E-02  0.1278047662250371E-03  0.2479965655859998E-04
  466   0.6479703014062269E-01  0.7959927736315164E-03  0.3725629386699269E-03 -0.2052870462692972E-02 -0.5408437172577694E-04  0.9795161320213330E-05
  467   0.6338967435641825E-01  0.7524069193750078E-03  0.3703627950014460E-03 -0.2218063715191630E-02  0.1447783180719792E-03 -0.3816160545657050E-04
  468   0.6152996442119667E-01  0.7362717186277211E-03  0.4174376462592916E-03 -0.2315962472505821E-02  0.8804825951678444E-04 -0.1263322871833380E-04
  469   0.6382803621850713E-01  0.7389340395812766E-03  0.4098645414949368E-03 -0.2379647088984474E-02 -0.9265466474029343E-04 -0.3052419538270736E-04
  470   0.6706737158413735E-01  0.7540039631878478E-03  0.3773558162556229E-03 -0.2108710001559602E-02 -0.2407185602577302E-03  0.9124441817360835E-05
  471   0.6297407514531794E-01  0.8648099798465469E-03  0.4127777774334464E-03 -0.2519862003522927E-02  0.1938256950873795E-03 -0.1678979011704389E-04
  472   0.6210262225014047E-01  0.7564917541830255E-03  0.4071897706037293E-03 -0.1965092535206451E-02 -0.3747782064819069E-04 -0.8824527767222368E-05
  473   0.5917641009529127E-01  0.7188080405904479E-03  0.3933998154635230E-03 -0.1991874924314663E-02  0.1135164176996828E-03 -0.7331884874595949E-05
  474   0.6189218292504838E-01  0.7059668266826041E-03  0.4091080449850229E-03 -0.2305610802692694E-02 -0.1853701514637720E-03  0.1079947160399167E-05
  475   0.6070036453452079E-01  0.7300379150766982E-03  0.3990407260206981E-03 -0.1918660516669751E-02  0.6326872028525586E-04 -0.1411393158867003E-04
  476   0.6940980941778152E-01  0.7446203837046131E-03  0.4065827084831672E-03 -0.2536008733573182E-02  0.2326290729087290E-03 -0.1014062069968633E-04
  477   0.6025845710697602E-01  0.7266295563554072E-03  0.4098474416286458E-03 -0.1787793077417021E-02 -0.3010690571230911E-04  0.1655362454736595E-05
  478   0.6375979798771708E-01  0.7201015323366055E-03  0.4208822530164193E-03 -0.2007048336719404E-02 -0.6588712593208505E-04  0.2904610558626986E-04
  479   0.6358307571036981E-01  0.6494653216952802E-03  0.3961051551097429E-03 -0.1814160527747923E-02  0.1231471300967286E-03  0.1306213865002329E-04
  480   0.6253736262071678E-01  0.6730006612526380E-03  0.3886077686895585E-03 -0.2150375959162713E-02  0.3722343279453515E-03 -0.8138719666678397E-05
  481   0.6106230682680661E-01  0.7657676500303159E-03  0.4026543718482008E-03 -0.2129116719883737E-02 -0.1552160446542510E-03  0.2520898764526377E-04
  482   0.6383043017611355E-01  0.6938612442685592E-03  0.4238584106834508E-03 -0.1594626780052531E-02  0.9889441468153000E-05 -0.1113684190205247E-04
  483   0.6592813723352244E-01  0.7120593663782785E-03  0.3864524518243593E-03 -0.1820702138096029E-02  0.1795788257741298E-03 -0.1877347797392196E-04
  484   0.6043587027984582E-01  0.6830076061642749E-03  0.4031668614925070E-03 -0.1655384033668442E-02 -0.6372315202890491E-04  0.6625341434386896E-05
  485   0.5994553738062051E-01  0.6541239151550124E-03  0.4234112803978353E-03 -0.1603131567344701E-02  0.3343197590396750E-03 -0.2458373807449093E-04
  486   0.5901353824728784E-01  0.6853618871886950E-03  0.4066782681291039E-03 -0.1856310720020089E-02 -0.1122926927506389E-03  0.1331693648538423E-04
  487   0.6054102529954983E-01  0.6914715393558314E-03  0.4136336805108639E-03 -0.1966861660961987E-02  0.2257129410966402E-03 -0.2242198937615939E-04
  488   0.5900975501837524E-01  0.6507023344329627E-03  0.3835637130058784E-03 -0.1743593197924709E-02 -0.1336652463511675E-03 -0.1189283158719012E-04
  489   0.6717851686212618E-01  0.6324248960316089E-03  0.4047576399638854E-03 -0.1914365990934440E-02 -0.1357380747487390E-03  0.6594234884885444E-06
  490   0.6022880093109834E-01  0.6453408695227942E-03  0.4118567595094962E-03 -0.1699470987064036E-02  0.1816716217123186E-03  0.2351035179157889E-05
  491   0.6068681396031482E-01  0.6497504343752579E-03  0.4155148486904953E-03 -0.1580835972126168E-02  0.2615236153176276E-03 -0.6043708661850004E-05
  492   0.6478345592211009E-01  0.6197534266545718E-03  0.3753123895845989E-03 -0.1712320700514542E-02 -0.8562839865870833E-04  0.5315103404559041E-05
  493   0.5740395975301273E-01  0.6211599935732587E-03  0.3974228640761213E-03 -0.1675612030131322E-02 -0.2410694944219170E-03  0.8257898146103463E-05
  494   0.5989321948683506E-01  0.6352498122513974E-03  0.4043787359436194E-03 -0.1627612274894077E-02  0.5851739835159579E-04  0.1365829885092963E-04
  495   0.5803136517002366E-01  0.6700918041160652E-03  0.3959917856688810E-03 -0.1783148576747754E-02 -0.3473044333179563E-05  0.1314285391380215E-05
  496   0.6415278383908977E-01  0.6278980268093710E-03  0.4016727444673651E-03 -0.1590348755884769E-02 -0.1018679109519661E-03  0.2418397722044536E-04
  497   0.6278046363169461E-01  0.5931432975184896E-03  0.3858249587331540E-03 -0.1560980057658420E-02  0.3727217001041280E-04 -0.1279772109623803E-04
  498   0.6272172407598699E-01  0.5762391560910113E-03  0.3709888422205178E-03 -0.1572260060473517E-02  0.8683372514157820E-04 -0.1041114318226123E-04
  499   0.6243562120875953E-01  0.6193587814916583E-03  0.3798779927812609E-03 -0.1389956659243375E-02  0.1890299240242883E-03 -0.6626035713067434E-06
  500   0.6019361880397331E-01  0.6131499121814459E-03  0.4268748417941636E-03 -0.1487304067078143E-02  0.2003782854673478E-03  0.1266602975765497E-05
