# nlmax, ncor, nside =         500           6         512
    0   0.4587061918609834E+04  0.0000000000000000E+00  0.0000000000000000E+00  0.0000000000000000E+00  0.0000000000000000E+00  0.0000000000000000E+00
    1   0.1313874777019444E+03  0.0000000000000000E+00  0.0000000000000000E+00  0.0000000000000000E+00  0.0000000000000000E+00  0.0000000000000000E+00
    2   0.3325799488376587E+03  0.1848663825375243E-01  0.9020935758588287E-03  0.4465524361034163E+00 -0.2691125752883120E+00 -0.6521807756989739E-03
    3   0.4867810891665138E+03  0.1333894719796920E-01  0.5869805241424369E-03  0.2027828158366292E+01 -0.2364524916904625E+00 -0.1746284845331814E-02
    4   0.1881010662455818E+03  0.8342452336996691E-02  0.4025892490681763E-03  0.6781664133403410E+00 -0.7913389788511796E-01 -0.7665685399352510E-03
    5   0.1006070399436136E+03  0.1787618260310609E-02  0.7314332590359686E-04  0.1812797165931100E+00 -0.8853633166154307E-02  0.7217808564961414E-05
    6   0.7577223084080364E+02  0.6996369333994537E-03  0.1633250864301152E-03  0.6062678874371947E-01 -0.2911583821923360E-01 -0.7310157355599903E-04
    7   0.2971382144369788E+02  0.3949372382331425E-03  0.8058041810092044E-04  0.2773228749377346E-01  0.1686242599462443E-02 -0.7961603160408807E-04
    8   0.3469635080179296E+02  0.3069378764331128E-03  0.4003537236835349E-04  0.5946383017190351E-01 -0.5466836674927615E-02  0.6688952739563298E-05
    9   0.2656254135859099E+02  0.1566147582541476E-03  0.4915957670971605E-04 -0.1066657215179172E-01  0.7080062761871197E-02  0.1180503722265482E-05
   10   0.3174584180610768E+02  0.3374504314712176E-03  0.4630038817938358E-04  0.4919685106086630E-01 -0.1056062951741146E-01 -0.1767153650878374E-04
   11   0.3657158122217808E+02  0.1597213328996280E-03  0.3411309570556839E-04  0.5953168517486538E-01  0.2009229067388674E-02  0.1854653550762020E-04
   12   0.2744859556813401E+02  0.1392082601129857E-03  0.7481134055214788E-04  0.4170337256145509E-01 -0.5088812603646273E-02 -0.7175615928102128E-05
   13   0.2325143370399278E+02  0.7937344125702862E-04  0.2469925390311775E-04  0.2184789763413687E-01  0.7616140971380788E-02  0.1480125210083747E-04
   14   0.2503004641244022E+02  0.9316320528000364E-04  0.3707237788347917E-04  0.2410411097787722E-01  0.6743078678649149E-02  0.1291368329765713E-04
   15   0.1008706292239712E+02  0.1265845131739102E-03  0.2629753427561703E-04  0.1095288886045489E-01 -0.3002342598116223E-02  0.1223209720116549E-04
   16   0.2192511176160869E+02  0.1041209092640007E-03  0.5565579931375956E-04  0.2603446525449584E-01  0.7402139976037228E-02 -0.1127216558962624E-04
   17   0.1946905457199611E+02  0.7732325039890905E-04  0.4695426817365313E-04  0.1463581303293892E-01 -0.6348921821684449E-02  0.5289786873177688E-05
   18   0.1326872261045815E+02  0.1156691193278383E-03  0.3502069169053022E-04  0.1710372614813927E-01 -0.3590359200504207E-02 -0.1517476254410049E-05
   19   0.1669346165069473E+02  0.1229450783899898E-03  0.3245515953090590E-04  0.1868980627184101E-01  0.1024627618538499E-02  0.1190675749811633E-05
   20   0.6114853557792443E+01  0.1366318120490011E-03  0.4013410860211868E-04  0.8399102558784542E-02  0.1264776054717903E-02 -0.6931866198848874E-05
   21   0.1099383555762125E+02  0.1268429035561916E-03  0.4041234261822844E-04  0.1719859082875566E-01 -0.5151425907435227E-03 -0.1012827755795950E-04
   22   0.8631688141082307E+01  0.1111876324928268E-03  0.2632987559930631E-04  0.6019125184294548E-02 -0.1101830884552002E-02  0.7150271828767935E-05
   23   0.6555990822763476E+01  0.1114816307116851E-03  0.2464810691719823E-04  0.1318340482983402E-01  0.1400165421246876E-02  0.4603322999145766E-05
   24   0.9449158971838768E+01  0.1466675295490362E-03  0.2911697818972232E-04  0.1438268023719534E-01 -0.2828268795212737E-02  0.1272544654235637E-05
   25   0.1164131755118698E+02  0.1346782650000403E-03  0.2915818169883292E-04  0.1354327003882211E-01 -0.4343652571827518E-02 -0.8053590954583246E-05
   26   0.6701033712280779E+01  0.1744436224817497E-03  0.3234688111079163E-04  0.1046649437087350E-01  0.1750309838203108E-02  0.6074660030007258E-05
   27   0.7132633550946264E+01  0.2271246086302245E-03  0.2544171064270618E-04  0.1526787710020438E-01  0.4493794880285285E-03  0.3210989679083474E-05
   28   0.7748184948386571E+01  0.1749089147577055E-03  0.4542231464102470E-04  0.1115868113002894E-01  0.1435765549083304E-02  0.1126199562783804E-04
   29   0.6275056037666916E+01  0.1009738363135129E-03  0.2488682226505318E-04  0.1198008359757550E-01  0.1673783345541843E-02  0.1573345188484031E-05
   30   0.8964551562451584E+01  0.1913924758426366E-03  0.4369225225166450E-04  0.7292089646510954E-02  0.4545344077841558E-03  0.7158970709368807E-05
   31   0.7954266083917564E+01  0.2982778867205769E-03  0.3346813016011841E-04  0.8320703058754533E-02 -0.1197785588213026E-02 -0.2263945294954921E-04
   32   0.5553845270889221E+01  0.2563777010110868E-03  0.3586802981543905E-04  0.9813285567756241E-02  0.7615753178150183E-03 -0.1577819706547945E-04
   33   0.6930102210472560E+01  0.2048295160611376E-03  0.2503790099270299E-04  0.1116152523402247E-01 -0.1529429188891021E-02  0.1752647276720680E-05
   34   0.4445767669642546E+01  0.3047319287818364E-03  0.2970215650513707E-04  0.6133702131851599E-02  0.3675826925477582E-03  0.2944330993388321E-06
   35   0.4640993159582452E+01  0.2114533527165431E-03  0.4483245906562362E-04  0.1318070839841031E-01 -0.2746922759653727E-03  0.8947616735873640E-05
   36   0.5542338013148266E+01  0.2066337182796854E-03  0.2754919442832537E-04  0.9765277689960846E-02  0.1911508921146518E-02  0.1554678355370757E-04
   37   0.5125217499905797E+01  0.2890536149247432E-03  0.3268518828925818E-04  0.7525936120707045E-02 -0.1462946550207188E-02 -0.1913400582604809E-04
   38   0.4493076511302775E+01  0.2083754495762854E-03  0.2829100494358878E-04  0.5355593436077759E-02  0.2121296792082210E-03  0.8992637740615140E-05
   39   0.4668961165684757E+01  0.2424973013986706E-03  0.3302302207459478E-04  0.2624465778345190E-02 -0.2970636506186635E-02 -0.1557274879491041E-04
   40   0.5722472110646287E+01  0.1958652963189917E-03  0.2432964503912119E-04  0.9641454463237950E-02 -0.6540635909815862E-03 -0.5676384518366571E-05
   41   0.3500846490214821E+01  0.2919561187357717E-03  0.2598224154638951E-04  0.8275369850971914E-02 -0.9152316882501967E-03 -0.3501266351027702E-05
   42   0.4971955153526551E+01  0.2195662669247067E-03  0.2734993847087778E-04 -0.2149427575862004E-02  0.6477353181299030E-03 -0.4272565496655057E-05
   43   0.4885648645209501E+01  0.2801628604744981E-03  0.2769809087898012E-04  0.7338577953150827E-02  0.1571023425774214E-02 -0.2286112395365112E-04
   44   0.3372907728585217E+01  0.3912132631673192E-03  0.2933663779348704E-04 -0.1426488871055014E-02  0.4443587781988947E-03  0.3053710557293239E-05
   45   0.3970323545959628E+01  0.2658968558267468E-03  0.2348760369944841E-04  0.2660991087160390E-02 -0.5702286342609271E-03 -0.2049514700491149E-05
   46   0.3989483298103565E+01  0.3141578330005832E-03  0.2435826771985618E-04  0.2378805058183683E-02 -0.8988642590728422E-03 -0.1230881765101166E-05
   47   0.3747900760046866E+01  0.3599538957687632E-03  0.3059618224008477E-04  0.5339096452902523E-02  0.2664136620996254E-03 -0.6189761558192488E-05
   48   0.3643665767625052E+01  0.3937204283239708E-03  0.2914246481291361E-04  0.1855234136357985E-02  0.6772989502622512E-03  0.1641519668086039E-04
   49   0.4307993052658501E+01  0.2827283012533301E-03  0.2782581260044602E-04 -0.4764614364252537E-02  0.2109692069500537E-02 -0.4680069216344251E-05
   50   0.3938404194585745E+01  0.4127629228325295E-03  0.1906227204602631E-04 -0.4365239977643764E-02 -0.1150826081080897E-02 -0.9559245024338178E-05
   51   0.4412479077435447E+01  0.2896724475148968E-03  0.2325003897245758E-04 -0.5718052869593344E-02 -0.8561532989258242E-04 -0.3804668318250976E-05
   52   0.3272138342180393E+01  0.2956545372911061E-03  0.2118657052186095E-04 -0.6822970598962414E-02 -0.8445425430045828E-03 -0.4164951873451377E-05
   53   0.3186967724081301E+01  0.3425892802292081E-03  0.2666045350990505E-04 -0.8301194033973936E-02 -0.6293672875555848E-03  0.2045526184197564E-04
   54   0.2773718056217092E+01  0.3301178696361298E-03  0.2410028774431790E-04 -0.3405192539466978E-03 -0.1725739224781803E-02 -0.1655880514620841E-05
   55   0.3015619122451753E+01  0.3838376676000767E-03  0.2628302897699295E-04 -0.4624728202317983E-02  0.3956777428853153E-03  0.1920941609367876E-04
   56   0.3244016905661832E+01  0.4472950292456883E-03  0.2508950080778115E-04  0.1057405579953642E-02 -0.1191017211170787E-03  0.3892236300629140E-05
   57   0.3961044319533405E+01  0.2817684791002310E-03  0.2303680808861215E-04 -0.4283896575884654E-02  0.6881939146343889E-03 -0.8225750147434958E-05
   58   0.2861979365126789E+01  0.4262469899955504E-03  0.2363639289733028E-04 -0.1823643925346183E-02 -0.4664214851399332E-03  0.8999879221112449E-05
   59   0.3080518531394748E+01  0.3174333918050941E-03  0.2114325340436983E-04 -0.3701701641214885E-02  0.8306856282986530E-03 -0.1827978648283498E-05
   60   0.2965068894693831E+01  0.3926010743164860E-03  0.2047405803878454E-04 -0.4881182147018139E-02  0.6858179784703214E-03  0.1232467345130437E-04
   61   0.2402860769630698E+01  0.3538423044156634E-03  0.2050584531246448E-04 -0.7704239456431174E-02  0.3858947213033449E-03 -0.3468863155186261E-05
   62   0.2932893242335486E+01  0.4480394482380405E-03  0.1724442810369775E-04 -0.7969271459117046E-02 -0.9978682195523950E-03 -0.7459017258296166E-05
   63   0.2507546580645715E+01  0.4108795536147597E-03  0.2422834921808715E-04 -0.5615198784322982E-02 -0.1227274493725707E-03  0.8128234525037671E-05
   64   0.2014615458310671E+01  0.4070075773391436E-03  0.1891008525708186E-04 -0.3722190258058702E-02  0.5084800196408112E-03  0.1657501727118528E-05
   65   0.2634334476976496E+01  0.3439889832092965E-03  0.1785440831491277E-04 -0.2451759409529919E-02 -0.4607883257574649E-03  0.1940567042820761E-05
   66   0.2191741501241226E+01  0.4512451953424392E-03  0.1677492937607278E-04 -0.5778142772632331E-02 -0.2853073648441851E-03 -0.8068958619050172E-05
   67   0.2663243458311404E+01  0.4253371587622559E-03  0.1879871713156975E-04 -0.5451125292688653E-02 -0.2256317069280479E-03 -0.3293859852154422E-05
   68   0.2678086289039183E+01  0.4640631372223807E-03  0.1989402659167379E-04 -0.9643914549225542E-02  0.9452371687428596E-04 -0.2058291051141393E-05
   69   0.2712797189259050E+01  0.4105858824064104E-03  0.1867495332064397E-04 -0.3120963360836103E-02 -0.4345712543149233E-03  0.4661069965456283E-05
   70   0.2128315087220238E+01  0.5085816292475268E-03  0.1712936977705206E-04 -0.8875548841750128E-02  0.3336186873843643E-03  0.6015344250478985E-05
   71   0.2188874936198983E+01  0.5273998207813622E-03  0.1696950622406678E-04 -0.7095179345006367E-02 -0.2801599329224382E-04 -0.8624376910890696E-05
   72   0.2112719417118389E+01  0.5054819618574025E-03  0.1850619592307882E-04 -0.1070230193028429E-01 -0.6865421501136302E-03  0.4831655589136304E-06
   73   0.1817202383452803E+01  0.5024896609931045E-03  0.1881304264041868E-04 -0.8396352810905061E-02 -0.3013192081749255E-03  0.9311397140640878E-05
   74   0.2531988159288206E+01  0.4685130127569878E-03  0.1801075268323921E-04 -0.1018333208484473E-01  0.2555778632506776E-03 -0.1640902229080873E-04
   75   0.2400508876232032E+01  0.4259752062029767E-03  0.1670972417163943E-04 -0.1096431614537160E-01  0.8224519230151165E-03 -0.8311205848671293E-05
   76   0.1928570817247182E+01  0.5788381017997490E-03  0.1747720070097881E-04 -0.1043842354222031E-01 -0.1107829607450280E-03  0.1994966489100037E-05
   77   0.2112532322754535E+01  0.4423558602165677E-03  0.1251631264500070E-04 -0.6022633548111495E-02  0.6327616300606173E-04  0.4953144877552233E-06
   78   0.2027023000708298E+01  0.4797534262710116E-03  0.1614747681391766E-04 -0.9600200890036473E-02 -0.7652005837735157E-04  0.1198715459638413E-04
   79   0.2301311251253375E+01  0.4644404108708286E-03  0.1309792403492981E-04 -0.1682513285722649E-01 -0.3735752288124292E-03  0.1526424467617010E-05
   80   0.2090091224688755E+01  0.5316870329385864E-03  0.1498077739013460E-04 -0.1043555091384758E-01 -0.4903204792716675E-03  0.4384933422495481E-05
   81   0.2029094882802328E+01  0.5282105826807918E-03  0.1222737401507898E-04 -0.1027220589686432E-01 -0.5480767057046141E-03  0.2814094571897617E-05
   82   0.2070524792377388E+01  0.4688171294932323E-03  0.1625070955962170E-04 -0.1267787449805437E-01  0.2428173838982074E-03 -0.7474008440655754E-05
   83   0.1897400439544524E+01  0.4365260177298232E-03  0.1270502453715838E-04 -0.1068701474623587E-01 -0.1887323781517371E-03  0.8492966444914029E-05
   84   0.1555767122198930E+01  0.4678926978369160E-03  0.1320640097054525E-04 -0.1021242952893916E-01 -0.2666459617472853E-04 -0.2364864156978208E-05
   85   0.2124498481175681E+01  0.4475923161664807E-03  0.1185477967423121E-04 -0.1213887479399726E-01  0.5941183661899310E-04 -0.2248111228475286E-07
   86   0.1474583524016684E+01  0.4283688754577424E-03  0.1588044797857413E-04 -0.1008715117865925E-01 -0.1856973671675402E-03  0.8739022344127522E-05
   87   0.1796583336307940E+01  0.4931303916280062E-03  0.1350011125798154E-04 -0.1565281538164619E-01  0.3499594456579192E-03 -0.1973436815082367E-05
   88   0.1691899287413511E+01  0.5709784872994480E-03  0.1223866593865712E-04 -0.1073942054578072E-01 -0.4065600420441051E-03  0.6833148463784166E-05
   89   0.1932545220562918E+01  0.5573496976331956E-03  0.1129284731969249E-04 -0.1532449484881347E-01  0.3993785074983430E-04 -0.7299453523481116E-06
   90   0.2213628468149377E+01  0.4295696594767013E-03  0.1485123826930420E-04 -0.1402498537384326E-01  0.1733897826351624E-03 -0.2192036341697848E-05
   91   0.1768250018355800E+01  0.5424335439105891E-03  0.1129654834988920E-04 -0.1605500519667303E-01 -0.1900782740726622E-04 -0.9704948039262487E-06
   92   0.1882729479583555E+01  0.5762597321097810E-03  0.1318805706479828E-04 -0.1435296761326384E-01  0.1152219939996852E-03 -0.1124656155096978E-04
   93   0.1398456856198292E+01  0.4683835179720378E-03  0.9601499508890102E-05 -0.1362525884027536E-01 -0.2116653142186377E-03  0.8918510448667209E-06
   94   0.1625901204485802E+01  0.5799908743176834E-03  0.1147732388350547E-04 -0.1443921575322133E-01  0.4880570521387799E-03 -0.6175621064137307E-05
   95   0.1725620394377449E+01  0.4700072303331171E-03  0.1056700353228569E-04 -0.1374366022652818E-01  0.8875415839038219E-04  0.2496535244852995E-05
   96   0.2035535785065035E+01  0.5020472776143413E-03  0.1085842890396905E-04 -0.1655693618942325E-01 -0.1361481489774182E-03  0.1551390015172069E-05
   97   0.1799899543371750E+01  0.4238538617496068E-03  0.1140110967087898E-04 -0.1237529374179830E-01 -0.1393458410768354E-03  0.6781475806563629E-05
   98   0.1491104377100888E+01  0.4022476411567224E-03  0.1116946521169158E-04 -0.1079562498383089E-01  0.7521224918177647E-04  0.8420208218564092E-06
   99   0.1918491913238179E+01  0.5154045873083565E-03  0.9805390032042516E-05 -0.1657620312029369E-01  0.5321005681482754E-04  0.3725379005938831E-05
  100   0.1657521261626759E+01  0.5117561882536606E-03  0.1075044555036569E-04 -0.1588122485933086E-01  0.1433328948467728E-03  0.3429127837366963E-05
  101   0.1610363633452391E+01  0.4762769071428299E-03  0.1000177459809597E-04 -0.1536200692115920E-01  0.4330264251248508E-03 -0.4457215159177989E-05
  102   0.1502985197600011E+01  0.4819848356597277E-03  0.1000587102030150E-04 -0.1483262699925387E-01 -0.6573701745068936E-04  0.2018845811861971E-05
  103   0.1477350828878435E+01  0.4832999768327816E-03  0.9508292413870754E-05 -0.1403956486936550E-01 -0.3929356878974783E-03  0.9445544251979613E-05
  104   0.1714405460613145E+01  0.5100709971565042E-03  0.9595480564237647E-05 -0.1644056680699047E-01 -0.2762646128819412E-04  0.3723541231917096E-05
  105   0.1502444656475056E+01  0.4765568164377188E-03  0.1028697174877128E-04 -0.1318410533746961E-01 -0.4141092396142047E-03  0.1062263999052698E-04
  106   0.1522301267896420E+01  0.4488292443790313E-03  0.7981825489581456E-05 -0.1387746684120557E-01 -0.1689573277554622E-03  0.3851466835947089E-05
  107   0.1324829283142375E+01  0.4880010925691029E-03  0.7050937727160018E-05 -0.1389543603206217E-01  0.8150400124894802E-04 -0.2911497238680248E-05
  108   0.1553284397255664E+01  0.5218039285910988E-03  0.1001011278479373E-04 -0.1652090639128083E-01  0.3324945264962127E-03 -0.2756358114337164E-05
  109   0.1519904375814314E+01  0.4395267229041823E-03  0.7763908423287558E-05 -0.1372519969320194E-01 -0.1199949869882230E-03  0.4774882317133910E-05
  110   0.1590545543742397E+01  0.4857749821495908E-03  0.8114863288991463E-05 -0.1550745683485426E-01 -0.3201071957309865E-04  0.2600553202429148E-06
  111   0.1486391648536005E+01  0.4634441355606691E-03  0.1044121186471103E-04 -0.1396585203332648E-01 -0.2692774785581052E-03 -0.2397213117183165E-06
  112   0.1540491486863003E+01  0.4211006315725211E-03  0.7817414039978655E-05 -0.1703196687341672E-01 -0.1576595398674552E-03 -0.4740743633106365E-05
  113   0.1446102562531582E+01  0.5255382564304540E-03  0.8448222234447158E-05 -0.1659095913646418E-01  0.1327406419173318E-03 -0.4674832498423403E-05
  114   0.1548846611244450E+01  0.4754771128629515E-03  0.7744004320648708E-05 -0.1684822316878979E-01 -0.9302782466510159E-05  0.3051838152091413E-05
  115   0.1378874742541550E+01  0.4771103208350599E-03  0.8701435712477042E-05 -0.1482018344982027E-01  0.1710505329234173E-03 -0.1728332069379479E-05
  116   0.1506501870823562E+01  0.4154220162378018E-03  0.6646732458336597E-05 -0.1316275343969280E-01  0.1042754935867901E-03 -0.1793031886600711E-05
  117   0.1373006217229964E+01  0.3937167312019554E-03  0.7053900256053132E-05 -0.1320124163722244E-01 -0.2790537884429659E-03  0.3857823845408144E-05
  118   0.1479785999256410E+01  0.3802147083368178E-03  0.6746324068068847E-05 -0.1462411302755807E-01 -0.3436999842635586E-03 -0.1632274898646758E-05
  119   0.1218469161676378E+01  0.4219520460386921E-03  0.7241680583280667E-05 -0.1409344873132642E-01 -0.2303570119776406E-03  0.4935199423696101E-05
  120   0.1181136784379891E+01  0.4226021253310761E-03  0.6227876342506499E-05 -0.1338868932324471E-01  0.6508050098861666E-04 -0.6523919974094454E-05
  121   0.1563691020837183E+01  0.4813319228199584E-03  0.7960145347627451E-05 -0.1755113398674584E-01 -0.1290274612261092E-04 -0.3926067677104098E-06
  122   0.1306502653097054E+01  0.4393476130150810E-03  0.6842817577194317E-05 -0.1515453779211286E-01  0.6546447582464841E-03 -0.5841009886068343E-05
  123   0.1099504512994894E+01  0.4016136113918386E-03  0.5913659056130139E-05 -0.1261757469017860E-01  0.2451773047387931E-04  0.1633363762043354E-05
  124   0.1410903698020968E+01  0.4607970241568250E-03  0.5977794658399080E-05 -0.1750707466126095E-01 -0.4665723497425090E-04 -0.1228146094238304E-05
  125   0.1552759420944954E+01  0.4595086098992562E-03  0.6720054858743668E-05 -0.1656243698935749E-01  0.1287703757537888E-03  0.1995871253104915E-05
  126   0.1387711931298858E+01  0.4139619546403467E-03  0.5471432876353236E-05 -0.1512467613051257E-01 -0.3489413716254335E-04 -0.3430439348623105E-05
  127   0.1439183033420814E+01  0.4363656059023490E-03  0.5973638955726837E-05 -0.1594082318304476E-01  0.9926743423537629E-04 -0.1137625949845079E-05
  128   0.1366487665009908E+01  0.3908527311677568E-03  0.5528353050306820E-05 -0.1289942295807044E-01 -0.3103877986021022E-03  0.1644623477339049E-05
  129   0.1319039814380016E+01  0.3858465050999073E-03  0.5592197874828796E-05 -0.1391109283815316E-01  0.9588005296161769E-04 -0.1445424067348012E-05
  130   0.1320528872702988E+01  0.3976053148323125E-03  0.5804497374282991E-05 -0.1535592186269373E-01 -0.2215147391993850E-03  0.4410916190792168E-05
  131   0.1236858139566124E+01  0.4127346817107641E-03  0.5482400623559655E-05 -0.1430181792002824E-01 -0.1026266711732356E-03  0.3554120434661320E-05
  132   0.1321467020162505E+01  0.4400344800483299E-03  0.4672192561911784E-05 -0.1677349596862069E-01  0.7537989010110274E-04 -0.1457078831340927E-05
  133   0.1231404872289579E+01  0.3982321552223877E-03  0.5186370952115280E-05 -0.1311529832626754E-01  0.2316481184160314E-03 -0.1582319231963607E-05
  134   0.1111443777337839E+01  0.3706972410628001E-03  0.5487499725357113E-05 -0.1232967493899453E-01  0.3401987944439697E-05  0.3420605166624240E-06
  135   0.1310532704128163E+01  0.4265170340000062E-03  0.4501242496947929E-05 -0.1664445905598768E-01  0.1822662244096253E-03 -0.4814803912137983E-05
  136   0.1262089230988470E+01  0.3530765312507661E-03  0.5247557464166654E-05 -0.1456005456078198E-01 -0.2640005347697465E-04  0.2428717376923118E-05
  137   0.1279799412892085E+01  0.3850139796681049E-03  0.4265715795651547E-05 -0.1564590620033119E-01  0.1493004660167371E-04  0.4399028170397964E-06
  138   0.1227038280265548E+01  0.3815062413265825E-03  0.4649180337563026E-05 -0.1419865312157837E-01 -0.1060233039386621E-03  0.8135260163060359E-06
  139   0.1481696293782885E+01  0.4234258157160292E-03  0.4187991140616904E-05 -0.1770956080157967E-01 -0.6848282698006524E-04  0.2589062216496528E-05
  140   0.1269365465663424E+01  0.3841829533100320E-03  0.4207240848948273E-05 -0.1514608640815384E-01 -0.3878312604854176E-04  0.1816950828062037E-05
  141   0.1288801416391200E+01  0.3319807402055454E-03  0.4777702909270915E-05 -0.1384382330524125E-01 -0.1494313446728748E-03  0.2670348643500294E-05
  142   0.1376416157939064E+01  0.3493119873813811E-03  0.4087403803891316E-05 -0.1471049355709436E-01  0.1834944918222325E-03 -0.1508040484863091E-05
  143   0.1105738338720595E+01  0.3276768538113973E-03  0.4134579362006056E-05 -0.1195531467985094E-01  0.5352301129741231E-04  0.7892863403806358E-06
  144   0.1124471556162191E+01  0.3351481217769382E-03  0.3895882030003518E-05 -0.1202457935202374E-01 -0.1135957211602723E-04 -0.4393489755782707E-06
  145   0.1346762310618113E+01  0.3342693851912860E-03  0.3935547886005571E-05 -0.1429230809710627E-01  0.3374906219012140E-04 -0.1736789725297595E-07
  146   0.1307770192606718E+01  0.3669202891675682E-03  0.4061420271983834E-05 -0.1608101535784572E-01 -0.1468778862781706E-04 -0.1873675194883840E-05
  147   0.1097573881754855E+01  0.2792436281185471E-03  0.4189278419165692E-05 -0.1161164746791478E-01 -0.5213506180884956E-04  0.4306215540665643E-06
  148   0.1208550284947183E+01  0.3139353218898418E-03  0.4089787751097786E-05 -0.1347413728220883E-01  0.2592455274400828E-03 -0.2288177740606833E-05
  149   0.1289194127080240E+01  0.3055720159538689E-03  0.3773208887678114E-05 -0.1193849058162665E-01  0.1931999808790010E-03 -0.8125586989135782E-06
  150   0.1177324258907657E+01  0.2773760642884937E-03  0.4132430806259543E-05 -0.1237296469463004E-01  0.4769944763730653E-04 -0.3299480804592587E-05
  151   0.1057703827353086E+01  0.3081191822524831E-03  0.3852404248989832E-05 -0.1029826055270212E-01 -0.4928560791018600E-04  0.7595058108716830E-06
  152   0.1131818933259482E+01  0.2548950665448228E-03  0.3767793526515014E-05 -0.1052096469576692E-01 -0.8458002738249976E-05  0.1202870942820025E-05
  153   0.1488641185802006E+01  0.2829663637806360E-03  0.3289690236673124E-05 -0.1393206634204018E-01  0.2119051808803727E-03 -0.3886889964829877E-05
  154   0.1188455620853116E+01  0.2825562482445779E-03  0.3486882873372823E-05 -0.1179409250118684E-01  0.2421600682390502E-04  0.3007179355478980E-07
  155   0.1185200358228379E+01  0.2739959606795119E-03  0.3405846473680670E-05 -0.1209612590878350E-01  0.1698801405832424E-03 -0.1775179044937332E-05
  156   0.1087796838268201E+01  0.2472166741302616E-03  0.2954803827691979E-05 -0.1062871186690929E-01  0.3390353525960384E-04  0.4999617634479965E-06
  157   0.1050228088490213E+01  0.2250254261852208E-03  0.3428116587965303E-05 -0.1002581947917322E-01  0.9177364064723317E-04 -0.3064171458511311E-06
  158   0.1058886726881834E+01  0.2547644252802219E-03  0.3455315970211580E-05 -0.9245037611526039E-02 -0.2806911681180376E-03  0.3331912941544328E-05
  159   0.1129822318540778E+01  0.2364599180881528E-03  0.3343735348366180E-05 -0.9832788888144170E-02 -0.9098085288750319E-04  0.1075065464891762E-05
  160   0.1185665398821836E+01  0.2455251115768584E-03  0.3478618533219196E-05 -0.1089538781980987E-01 -0.1446837333477794E-04  0.2616153176973217E-05
  161   0.1050459463523686E+01  0.2094095564680329E-03  0.3185736669058135E-05 -0.7959942446333352E-02 -0.1066280608971513E-03  0.4742863273716268E-06
  162   0.1231996516174688E+01  0.2336658166928817E-03  0.3274968748753902E-05 -0.1071316045753355E-01  0.4911622063398582E-04 -0.2418102971609986E-05
  163   0.1112345330234849E+01  0.2291379602080876E-03  0.3432847220498506E-05 -0.1052327680493408E-01 -0.2406791568210787E-04 -0.9972516080826653E-06
  164   0.1221934072095594E+01  0.2221086970377931E-03  0.3269491009323424E-05 -0.1101119166622290E-01 -0.4718225827647899E-04 -0.6426855071001336E-06
  165   0.1189365795608272E+01  0.2547445850329380E-03  0.3175648839446740E-05 -0.1171462084231802E-01 -0.2239937940164641E-04  0.3042756736293518E-05
  166   0.1104029463688657E+01  0.1949677820301088E-03  0.3059685194393196E-05 -0.9122561953183088E-02 -0.1478672328756413E-04  0.1585232130121075E-05
  167   0.1017584216553652E+01  0.1970055198741052E-03  0.3017229749816477E-05 -0.8734448095719046E-02  0.8773356585955823E-04 -0.8596367143633992E-06
  168   0.1103673044954175E+01  0.2075721900601302E-03  0.3076648255090254E-05 -0.9571811203694040E-02 -0.6018872469705963E-04  0.5269572692531002E-06
  169   0.1172272901723238E+01  0.1996148978314469E-03  0.2749028949986453E-05 -0.9254520705325073E-02  0.5770092862223930E-04 -0.1633654825806846E-05
  170   0.1207484429247565E+01  0.2041762515322719E-03  0.2937781684521024E-05 -0.9595518747816768E-02  0.4427422928431580E-04  0.1445859142167244E-06
  171   0.1069473034611887E+01  0.1698409480431603E-03  0.3122957061782861E-05 -0.7675909357999478E-02 -0.6430624376994992E-04  0.7359300866606531E-06
  172   0.1013175189452416E+01  0.1794713492528603E-03  0.2672746879586054E-05 -0.7410094821038504E-02 -0.6583765996022968E-04  0.4018420430528492E-06
  173   0.1084887218500471E+01  0.1734281369824011E-03  0.2754570648803240E-05 -0.8027973452968346E-02 -0.9791441357385310E-04  0.1154593579584854E-05
  174   0.8824415368168832E+00  0.1724484882045155E-03  0.2645252995472471E-05 -0.6811442839227634E-02 -0.1476261713715978E-05 -0.2375103413730521E-06
  175   0.1023682389330957E+01  0.1577431506957740E-03  0.3045691080038457E-05 -0.7961502215920254E-02  0.1245025011082385E-03 -0.5215876152392308E-06
  176   0.1052166237777336E+01  0.1608244074209085E-03  0.2679216225425583E-05 -0.7111844669584633E-02  0.1756127681394294E-04  0.1601038476742936E-06
  177   0.9186757104013514E+00  0.1575415361190758E-03  0.2802325327718926E-05 -0.6095930990434009E-02  0.4693748963659331E-04  0.3058025383795324E-06
  178   0.9993543110452493E+00  0.1638354420465272E-03  0.2671138417641189E-05 -0.7491948177999414E-02  0.1154251637129470E-03  0.6967383810237939E-06
  179   0.9885325297421069E+00  0.1738211270500587E-03  0.2968870620602499E-05 -0.6979648281029590E-02 -0.1028310599525701E-04 -0.5296893865744846E-06
  180   0.9115506322295087E+00  0.1488190608699499E-03  0.2577242828349235E-05 -0.5986064759972084E-02  0.1708880296659388E-04 -0.1815101193038873E-06
  181   0.9755258799309406E+00  0.1448252573672939E-03  0.2507095549138922E-05 -0.5532590310755268E-02 -0.8232752837811921E-04 -0.4412730058509877E-06
  182   0.9114084064965527E+00  0.1467013519288106E-03  0.2895337272825035E-05 -0.5877881594319032E-02 -0.7077110564674483E-04  0.3243779818142253E-06
  183   0.1026995949254820E+01  0.1337117140984044E-03  0.2387322103375534E-05 -0.6055538167040515E-02 -0.1831445319529459E-04  0.8336276351881382E-06
  184   0.9353139820651347E+00  0.1403210030200281E-03  0.2992969151433456E-05 -0.5039745201222285E-02  0.6727489409959987E-04 -0.1100479453501414E-05
  185   0.9256725301637420E+00  0.1275469466499144E-03  0.2368430433546029E-05 -0.4978287412455736E-02  0.1592229866264146E-03 -0.3203831736854414E-06
  186   0.1020293337786969E+01  0.1307480243965973E-03  0.2918318690760086E-05 -0.4914075004533365E-02 -0.1191427348434262E-03 -0.3611005802287586E-06
  187   0.9520170553892801E+00  0.1208099993645501E-03  0.2389591979738138E-05 -0.4069847728166654E-02  0.4917252702282056E-04 -0.8146694351463393E-06
  188   0.9419227903978332E+00  0.1278722701382491E-03  0.2444198941234643E-05 -0.4978843309506009E-02  0.7685389974843991E-04 -0.1008185040466572E-05
  189   0.9083071442371686E+00  0.1208515510124450E-03  0.2844967950770834E-05 -0.5023143609093503E-02  0.1044694378800055E-03 -0.6535838080760876E-06
  190   0.1029364502831201E+01  0.1348516633434745E-03  0.2810589281729689E-05 -0.4944414044182124E-02 -0.3866088889333089E-05 -0.9364784229223239E-06
  191   0.1011523194609914E+01  0.1087482876045347E-03  0.2662741452353756E-05 -0.3548801018417503E-02  0.1786011845052171E-03  0.3847032525011926E-06
  192   0.8731891590562628E+00  0.1146427917775278E-03  0.2491305506770681E-05 -0.3324748644183624E-02 -0.8441587468869411E-04  0.8778810042367350E-06
  193   0.9675005039074175E+00  0.1270641956090241E-03  0.2595670693230666E-05 -0.3757029930440184E-02 -0.3900958397857693E-04  0.5415437055553019E-06
  194   0.9066954892860266E+00  0.1220801584650282E-03  0.2848797192529747E-05 -0.3136847532642541E-02 -0.6956656053390288E-04 -0.1042195471125295E-05
  195   0.9056394127664621E+00  0.1162167212233812E-03  0.2603846035364588E-05 -0.3728360818774190E-02 -0.9575303688347099E-05 -0.4773545427909324E-06
  196   0.9125669524556124E+00  0.1163821761992283E-03  0.2257926401958588E-05 -0.2910921249539635E-02 -0.8786820443242113E-04  0.5872633124592512E-07
  197   0.7815864990277329E+00  0.1203477210520102E-03  0.2715512953953254E-05 -0.2445437895343159E-02 -0.1957048264547689E-04 -0.2521219697404815E-06
  198   0.7971995044183894E+00  0.1165350845660097E-03  0.2724675010489032E-05 -0.2846479893080883E-02 -0.1151548183103886E-03  0.1870934008562111E-05
  199   0.7993391663743047E+00  0.1066134147566696E-03  0.2670485154925029E-05 -0.1735188818809824E-02  0.1111867103304549E-03 -0.1249502301417452E-05
  200   0.1054124367344644E+01  0.1058564005297885E-03  0.2541638567303711E-05 -0.1209262481292041E-02 -0.8832947350960951E-05  0.3609347490446083E-06
  201   0.8008521294409711E+00  0.1077820167028229E-03  0.2567732247888496E-05 -0.1662310679225188E-02 -0.1116731794281877E-04 -0.4407381746264864E-07
  202   0.8362031727902882E+00  0.1016606773655098E-03  0.2672285083868400E-05 -0.1084874319002812E-02 -0.1943638247993695E-04 -0.2613294305356292E-06
  203   0.9372688938082259E+00  0.1033409604631700E-03  0.2473585213863271E-05 -0.1279768130768718E-02  0.9691919902213956E-04 -0.3060876809828280E-06
  204   0.7823911640893629E+00  0.1141629519224964E-03  0.2523573369121975E-05 -0.7058109756358374E-03  0.8523147475211160E-04 -0.6482543067745285E-06
  205   0.8497479611563189E+00  0.1005329466545323E-03  0.2655005170245808E-05 -0.6231231504052524E-04 -0.6279023129427239E-04 -0.3825829983993431E-06
  206   0.7962376524752486E+00  0.1069507057153473E-03  0.3053800598493681E-05 -0.8414637934015182E-03  0.5282384388103620E-04 -0.2013034600420981E-06
  207   0.7658833892019882E+00  0.1017079656076036E-03  0.2303414970877638E-05 -0.1665385736948952E-03  0.7095730504483602E-04  0.1318135437424878E-05
  208   0.8704871163365293E+00  0.1074888102839592E-03  0.2341086101792896E-05 -0.9446152393175608E-03  0.1355799291203572E-04 -0.1191920907406114E-05
  209   0.8372131250559477E+00  0.1017457837324282E-03  0.2821774046076154E-05  0.3728350498333309E-03 -0.1287764995820264E-04  0.7958758033387741E-07
  210   0.7608988463140243E+00  0.1156142578931145E-03  0.2508937659902545E-05 -0.7965077172414739E-04  0.1310987718624887E-04  0.2729359212522722E-06
  211   0.8648669333823090E+00  0.9688947949871191E-04  0.2393025588517066E-05 -0.3136807393676432E-03 -0.6356095515629104E-04  0.3176622557609421E-06
  212   0.9031893611161516E+00  0.1022601869669189E-03  0.2639339778163878E-05  0.6946712773022902E-03 -0.4605965289833742E-05  0.1402427132783172E-05
  213   0.8233433026730350E+00  0.1081791027799359E-03  0.2350685604371892E-05  0.7595865687479255E-03 -0.3864298733230991E-04  0.1392520066107597E-05
  214   0.7879890626591877E+00  0.1025210388023922E-03  0.2763955148920854E-05  0.1140899576391277E-02  0.2243348118269284E-04  0.4881886117087373E-06
  215   0.7840832520304246E+00  0.1115212188580353E-03  0.2425504294199552E-05  0.7717282356444659E-03  0.8297568945943161E-04 -0.9316040721848282E-06
  216   0.7515050263214811E+00  0.1054482901081259E-03  0.2810119603428002E-05  0.1069422850522593E-02  0.2896621781439068E-04  0.1009936341935021E-05
  217   0.7067143731902431E+00  0.9525106128211798E-04  0.2739702240205666E-05  0.1425380666511223E-02 -0.1483076751826636E-03  0.4006202395721675E-06
  218   0.7344553507662249E+00  0.1185794871186357E-03  0.2463540102245621E-05  0.2027153591605302E-02  0.2935765591872928E-04 -0.1271518723820479E-05
  219   0.7176997818709436E+00  0.1058227029592623E-03  0.2736758293998208E-05  0.1214086117650055E-02  0.9070736218660995E-04 -0.1218852337730194E-06
  220   0.6867483946230134E+00  0.1163095384225164E-03  0.2423581840582779E-05  0.1620019065301650E-02  0.2424442324252853E-04  0.8153256693448678E-06
  221   0.6877740583089790E+00  0.1121827378799610E-03  0.2326843361285696E-05  0.1795911647034048E-02  0.1054888824580815E-03 -0.9402701083601807E-08
  222   0.7389233935213382E+00  0.1097954266968233E-03  0.2589987462229558E-05  0.2134015333832842E-02  0.7063921832683644E-04  0.7951109458924301E-06
  223   0.6347641680033196E+00  0.1253760702425247E-03  0.2543185440432805E-05  0.2287795397393499E-02 -0.5409990681628709E-04 -0.7875298275952049E-06
  224   0.6880460167608274E+00  0.1234545691944001E-03  0.2298766612150826E-05  0.2239619805515813E-02 -0.6378019049610336E-04 -0.1086037274223848E-05
  225   0.7535831841392927E+00  0.1345381351874029E-03  0.2453903806780962E-05  0.3547727688211243E-02 -0.2841345783178135E-04  0.7341379198934684E-06
  226   0.6590989654001368E+00  0.1331497653357606E-03  0.2520043029954674E-05  0.3431644395578509E-02 -0.3143047970032685E-04  0.6217250802541882E-07
  227   0.7248318133176119E+00  0.1370719343018590E-03  0.2750381302602135E-05  0.3801596923478825E-02  0.1789345538058449E-04 -0.1698299063892127E-06
  228   0.7325305239293345E+00  0.1455404417205031E-03  0.2547561751592935E-05  0.3715622426522870E-02  0.6089980430879273E-04  0.7295963164517163E-07
  229   0.6302061934368228E+00  0.1349654456806445E-03  0.2456441920575527E-05  0.3291356547690133E-02 -0.9532184871517701E-04 -0.7336226932742807E-06
  230   0.7023908663599873E+00  0.1499652251890424E-03  0.2402075084319340E-05  0.4692741423966281E-02  0.4497192763629628E-04  0.5954873688697008E-06
  231   0.7432276287081098E+00  0.1535499415141314E-03  0.2499900850066880E-05  0.4793470096220847E-02 -0.6317362686823336E-04 -0.4017118528964976E-06
  232   0.6556109592875148E+00  0.1718700495916632E-03  0.2458513261902068E-05  0.4532962178590803E-02  0.8912781986217575E-04 -0.2411469294443281E-06
  233   0.6822719379262410E+00  0.1570827448408778E-03  0.2454483639201350E-05  0.4665092401532815E-02  0.4906294797512618E-05  0.1656987629450432E-07
  234   0.6948036442742639E+00  0.1628847369503593E-03  0.2478461219241590E-05  0.5076818120478123E-02  0.8798359984520020E-04  0.2187653122571353E-06
  235   0.6424478094700223E+00  0.1950214157753796E-03  0.2258894747575960E-05  0.5345530280250984E-02  0.6372875341873411E-04 -0.3549660287813790E-06
  236   0.6163526396504628E+00  0.1806974933318898E-03  0.2480401803486826E-05  0.4896695400840195E-02  0.1090524310918710E-03  0.2037482407806834E-05
  237   0.5770814985072651E+00  0.1908975971688670E-03  0.2437332026058023E-05  0.4674271757621589E-02 -0.3962142999865966E-04 -0.1168033360269183E-05
  238   0.6142863350426576E+00  0.1845344271347302E-03  0.2597502051157548E-05  0.5173601040227528E-02 -0.1610965939546683E-05 -0.5173097749379609E-06
  239   0.6552656593157993E+00  0.2011110917840073E-03  0.2405685961548176E-05  0.6093560655555286E-02 -0.3913638493475832E-05  0.8756099884276032E-06
  240   0.6148738022899675E+00  0.2070595163306606E-03  0.2534162281467740E-05  0.5573727716891816E-02  0.4482557934627249E-04 -0.1384048827157787E-05
  241   0.6228610719424703E+00  0.1999003119910478E-03  0.2516178836131725E-05  0.5835082263979740E-02 -0.1295437813142547E-04 -0.1125389280190018E-05
  242   0.5737797056876548E+00  0.2174651471510689E-03  0.2317300747174397E-05  0.5537433053422957E-02  0.4672920927658073E-04  0.1598994081690813E-05
  243   0.5640198544865994E+00  0.1923886699848871E-03  0.2621898467921125E-05  0.4811579602843962E-02 -0.7324511578099966E-04 -0.3082191057790940E-06
  244   0.5397815803029267E+00  0.2321617794220616E-03  0.2544824123396589E-05  0.5919881896708650E-02  0.2785957158165271E-04  0.1227057681219934E-05
  245   0.6149831114716003E+00  0.2327691663949439E-03  0.2392756323022552E-05  0.6353763939190717E-02  0.7091699390257793E-04  0.1235491821043745E-05
  246   0.5258121347721283E+00  0.2350609825322358E-03  0.2466019308829802E-05  0.5739415366400978E-02  0.3081054663431506E-04  0.7351627435321945E-06
  247   0.5360005479819366E+00  0.2509122719997225E-03  0.2412572456597441E-05  0.6688134938888159E-02  0.8305327022619939E-04  0.1667952813141410E-05
  248   0.5978647162884774E+00  0.2519638715048655E-03  0.2325914695676981E-05  0.7449540434531656E-02  0.1385438549116240E-03  0.1926027025264563E-05
  249   0.5453447819805712E+00  0.2461467033174124E-03  0.2481343138647536E-05  0.6428885105484079E-02 -0.4498130003898080E-04 -0.1306861713710206E-05
  250   0.5014363286692426E+00  0.2507811150518661E-03  0.2385949060845002E-05  0.6452861949197745E-02 -0.2594150016679242E-04 -0.1314268562053526E-05
  251   0.5624643567515805E+00  0.2972822459778183E-03  0.2489796994704739E-05  0.7988846398720448E-02 -0.1986207971903836E-04 -0.1103062914461950E-06
  252   0.5299138159783556E+00  0.2418878298412847E-03  0.2493546413059268E-05  0.6605934099600553E-02  0.6541793646240681E-04 -0.8167593542578440E-06
  253   0.4645883866799035E+00  0.2615803439122472E-03  0.2316306299753414E-05  0.5866491595668572E-02 -0.8091690523465936E-04 -0.1436496191488910E-05
  254   0.5443169180679777E+00  0.3010087916281163E-03  0.2410861675162037E-05  0.7508448828495290E-02  0.8092308515547980E-05 -0.1920093141057801E-06
  255   0.4287178775897270E+00  0.2881359949996222E-03  0.2432074527012213E-05  0.6016002345449423E-02 -0.1512146094053049E-04 -0.1123239138494173E-05
  256   0.5150191539101814E+00  0.3120485522527375E-03  0.2509179914784649E-05  0.7152024776113918E-02  0.1319256564914189E-04  0.5563951635080891E-06
  257   0.5248030067440934E+00  0.3229081511848825E-03  0.2208378990115403E-05  0.8311411830739926E-02 -0.8081983216593351E-04 -0.9252516817609107E-06
  258   0.4701264715841457E+00  0.3072689240018920E-03  0.2539425197948945E-05  0.6761569279819766E-02 -0.6734081342262243E-04 -0.7563109978551543E-06
  259   0.4734832521272041E+00  0.3220961898840101E-03  0.2312958852386878E-05  0.7169762272506589E-02  0.2869341381209354E-04  0.1590076361821522E-05
  260   0.4108453293302006E+00  0.3383511390738493E-03  0.2526800451720811E-05  0.6865223772084341E-02  0.6163325237061715E-04  0.1995319086508068E-05
  261   0.4635577430522385E+00  0.2875368274682963E-03  0.2370331656430834E-05  0.6473648354639270E-02 -0.8015503710948651E-05  0.1111398122725301E-07
  262   0.4688658985329310E+00  0.3777191305101714E-03  0.2359864688937997E-05  0.8713464325577845E-02 -0.1678658569010930E-04 -0.1696868855288606E-06
  263   0.4949480968759257E+00  0.3632901360907827E-03  0.2568085327287560E-05  0.8667962219652343E-02  0.1592582798476722E-04  0.2749277637097774E-07
  264   0.4543380667878907E+00  0.3297312205344328E-03  0.2311287148589810E-05  0.7615605466176276E-02 -0.5362070505490393E-04 -0.5305152544280153E-06
  265   0.4749057060882770E+00  0.3685719551538969E-03  0.2394137572479298E-05  0.8585859906026770E-02 -0.3734089199211012E-04 -0.1706108832499888E-06
  266   0.3956135081058049E+00  0.3591078912567083E-03  0.2261381089035955E-05  0.7140593865369478E-02 -0.2222319810898757E-04  0.5650127957226449E-06
  267   0.4522613085384976E+00  0.3597018786627779E-03  0.2481724825680658E-05  0.7881002798887296E-02  0.1166713863973239E-04  0.1446454115473145E-05
  268   0.3910817535629361E+00  0.3469541323285700E-03  0.2478213490182722E-05  0.6846627236184664E-02 -0.1383615398540566E-04 -0.3043938345813821E-06
  269   0.3992194700784621E+00  0.4009890897316247E-03  0.2414531374377343E-05  0.7351914683853274E-02 -0.3913803902624583E-04 -0.3169456453496862E-06
  270   0.3879433160178917E+00  0.3941293348594885E-03  0.2446192453606234E-05  0.7674162244501164E-02 -0.1399383131209561E-04  0.1051448375152730E-06
  271   0.4061162172011445E+00  0.4446321400615210E-03  0.2641045773960530E-05  0.8703226530043668E-02 -0.2040810041104253E-06  0.7786741198102721E-06
  272   0.3820791281494484E+00  0.3996570991137762E-03  0.2531068682642126E-05  0.7165946310071758E-02  0.1561611289873743E-06 -0.3419926112471860E-06
  273   0.4416282587496101E+00  0.4507046020300555E-03  0.2186384613564835E-05  0.9085091378811586E-02 -0.6663295647253219E-05 -0.1701882940433660E-05
  274   0.3781115579035438E+00  0.4307436968910316E-03  0.2332393761349146E-05  0.7433944185011356E-02  0.1513943930581122E-04  0.3792858056296371E-06
  275   0.3852941289226560E+00  0.4219521109795853E-03  0.2450644035722536E-05  0.7739234865946212E-02  0.2296939429786097E-04 -0.1306972180863890E-05
  276   0.4188730106593164E+00  0.4776302638569066E-03  0.2475495955524172E-05  0.9076434728363730E-02 -0.1974392618074039E-04 -0.2678593872162730E-06
  277   0.3483034807571344E+00  0.4496477561642889E-03  0.2398876415248523E-05  0.7820005054047922E-02  0.1048940943238167E-04  0.6013981362585756E-06
  278   0.3787703921959452E+00  0.5135450517199845E-03  0.2307351794320202E-05  0.9210533492403748E-02 -0.8032259162609911E-05  0.1606398662843501E-06
  279   0.3881204063869945E+00  0.4890431412478877E-03  0.2421525618907849E-05  0.8627260075550763E-02  0.4998759518300381E-04  0.1600168611991430E-05
  280   0.3617475347531561E+00  0.4975840066026681E-03  0.2209967672538496E-05  0.8248031473507172E-02  0.3581930181927138E-04 -0.1636168252990187E-06
  281   0.3606362805789094E+00  0.4535847504638975E-03  0.2192361314553178E-05  0.8084168175495510E-02 -0.2563621163147535E-05  0.1436067690575120E-05
  282   0.3387859160612771E+00  0.4953808863284835E-03  0.2108233135781343E-05  0.7619814558271090E-02 -0.9331736659091728E-05  0.4776949765520353E-06
  283   0.3695655951668138E+00  0.4863641862513422E-03  0.2505374140061025E-05  0.8396518290685256E-02  0.3018890901900812E-04  0.4278801388385465E-06
  284   0.3442775346760157E+00  0.5414546654861826E-03  0.2411208706920841E-05  0.8987056158833802E-02 -0.2097164382981203E-04 -0.1062502301362759E-05
  285   0.3071283522933869E+00  0.4822685619786115E-03  0.2543152821849865E-05  0.7459561080472425E-02  0.1999546247663386E-04  0.1532398686763763E-05
  286   0.3204186579802804E+00  0.5652765572353551E-03  0.2458906337582938E-05  0.8624126941284296E-02 -0.4996212619422022E-04 -0.1853575727017982E-05
  287   0.3500866524168779E+00  0.6013350158869196E-03  0.2281472347841799E-05  0.9676476009440627E-02  0.3912787091699715E-04  0.1012557716742508E-05
  288   0.3134333738472559E+00  0.5470954744293701E-03  0.2271877956586330E-05  0.8242374546810725E-02  0.3462209387325037E-04  0.1958636660184169E-05
  289   0.3191347777316203E+00  0.5327451859900653E-03  0.2097598537963776E-05  0.8096666833701586E-02  0.3190569813095187E-04  0.1299566804644326E-05
  290   0.3386197733184131E+00  0.5542700855497126E-03  0.2523305749295542E-05  0.8376101414745053E-02  0.1623746755575520E-04  0.6142348772202026E-06
  291   0.2815790729125312E+00  0.5957635555780923E-03  0.2255086439418169E-05  0.7868993072114208E-02  0.8034199386647269E-06 -0.8641496469594153E-06
  292   0.2820714893068490E+00  0.5284593063136761E-03  0.2178501434568259E-05  0.7189850014493730E-02  0.1612267152488864E-06  0.1289216502861510E-05
  293   0.3313073432248021E+00  0.6380770440841639E-03  0.2147389356941624E-05  0.8706287587229916E-02  0.2337219802355709E-05 -0.9928834210724691E-06
  294   0.2790353963196995E+00  0.5949578944195567E-03  0.2172002763164993E-05  0.7739827027416330E-02  0.2639292591547972E-04  0.6302259386885555E-06
  295   0.3019687697546335E+00  0.6212111070538266E-03  0.2140499250535638E-05  0.8626494695786410E-02  0.2040071239603936E-04  0.1512589530685751E-05
  296   0.3157919562317963E+00  0.6480327999211928E-03  0.2084216202135327E-05  0.9332398355683403E-02 -0.4125480602911907E-04 -0.2013325699516417E-05
  297   0.3161536127380676E+00  0.6690707948513044E-03  0.2120452751502816E-05  0.9174513420317209E-02 -0.1508067614144525E-04  0.9506929734982270E-06
  298   0.2790290696010006E+00  0.6615961446732937E-03  0.2112057540599541E-05  0.8351218867446601E-02  0.9903496921666408E-05  0.7544042598963488E-06
  299   0.2682085417542741E+00  0.6745237433358567E-03  0.2197194892786298E-05  0.7895000909892770E-02  0.1025269897532881E-04  0.1281330731366907E-05
  300   0.2721792394935604E+00  0.5711563723378469E-03  0.2239884056251626E-05  0.7676201209617479E-02  0.2870134121440930E-04  0.7009594463818487E-06
  301   0.2729089519380716E+00  0.6753076162964314E-03  0.2118309579362876E-05  0.8693246877586391E-02  0.1815611918611361E-04  0.1017796058169081E-05
  302   0.2566788451312454E+00  0.6825428364454363E-03  0.2203714156452929E-05  0.7951391844165212E-02  0.1980877048278324E-06  0.5782841785775491E-06
  303   0.2284154151288516E+00  0.7008954221783370E-03  0.2247893589631134E-05  0.7777857686951617E-02  0.2819987688964862E-04  0.3424061071153080E-06
  304   0.2399767510039118E+00  0.7021695278029228E-03  0.2121690737264792E-05  0.7737979161046646E-02 -0.2220307209385768E-04 -0.1022252408967356E-05
  305   0.2435137746842698E+00  0.6685683551117107E-03  0.2642228486660307E-05  0.7576438792611414E-02  0.3863129371348611E-04  0.2306765709764114E-06
  306   0.2572167354252599E+00  0.7778913256672003E-03  0.2197658290796831E-05  0.8533779375289581E-02  0.1208876986843992E-04  0.5508170064621758E-06
  307   0.2458502424550895E+00  0.7711000965192592E-03  0.2295980415566349E-05  0.8297387058966869E-02  0.1948982830680738E-04  0.1875465203096467E-05
  308   0.2438316001716211E+00  0.7253873500405202E-03  0.2303516550397464E-05  0.7943383667733365E-02 -0.3375960610564942E-04 -0.2417109100103808E-05
  309   0.2249955169120587E+00  0.6561509189283580E-03  0.2113320968993757E-05  0.7180137858679838E-02  0.1354508785915338E-04 -0.6776137252215394E-06
  310   0.2219007876863765E+00  0.7817724825565135E-03  0.2138245735186460E-05  0.7253535183656557E-02  0.3042862434238662E-04  0.9589466347196794E-06
  311   0.2389234531355298E+00  0.7522326741335388E-03  0.2289102467638125E-05  0.7561343220733498E-02  0.6468349095535236E-04  0.1057539752773335E-05
  312   0.2256496705101776E+00  0.7352685511502209E-03  0.2408989175660646E-05  0.7406418790350197E-02 -0.3120923159263082E-04 -0.3652119127547754E-06
  313   0.2389775299151942E+00  0.8296209957752056E-03  0.2335183218699357E-05  0.8489170245335681E-02  0.8969905866019551E-05  0.1025529502548300E-05
  314   0.2145182552331119E+00  0.7894739281170406E-03  0.2348995024279221E-05  0.7576910949029242E-02  0.1717358580334426E-04 -0.2669746844450343E-06
  315   0.2090479560008735E+00  0.7249093686667352E-03  0.2187473453862418E-05  0.7280113459319014E-02  0.3022134119577694E-04  0.5077827146252584E-07
  316   0.2180811848666937E+00  0.8039547741926212E-03  0.2208537027382603E-05  0.7494713050376582E-02  0.5349724427578388E-06 -0.8841509829254122E-06
  317   0.2055643520972145E+00  0.8024009289734072E-03  0.1945021976387789E-05  0.7093970144602594E-02 -0.3395030632780322E-06 -0.2573904117098188E-06
  318   0.2025834085352165E+00  0.8698127313222012E-03  0.2041126163287429E-05  0.7475728059140881E-02  0.1738316056283890E-04 -0.2027640759133233E-06
  319   0.2188176362052050E+00  0.8030296212927218E-03  0.1897797032119538E-05  0.7396169958924805E-02  0.1692114321812336E-04  0.9730100050036872E-06
  320   0.2064115705876752E+00  0.7949274272544110E-03  0.2277507481269787E-05  0.7277056459429972E-02  0.1317581973591253E-04  0.5090109199464499E-06
  321   0.1905906676243360E+00  0.8227650623182219E-03  0.2249824108492213E-05  0.6531509093033534E-02  0.1598317003063532E-04 -0.1620341361793700E-05
  322   0.2127173392915578E+00  0.7836645061890611E-03  0.2131302464114901E-05  0.7420895886414919E-02 -0.2586952243725215E-04  0.2063336618780466E-05
  323   0.1840781932912230E+00  0.7820305322772868E-03  0.2325114149009150E-05  0.5727024618701382E-02  0.1906169828694124E-04  0.9564887690070404E-06
  324   0.1819283417715834E+00  0.8391088419973800E-03  0.2076150797954274E-05  0.5922232699762186E-02  0.9661260058513068E-06 -0.4269915960374998E-07
  325   0.1775415114518934E+00  0.7814365077195249E-03  0.2048126057789673E-05  0.6482869943719789E-02  0.1866220626286740E-04  0.1094081548974550E-05
  326   0.1921640750512419E+00  0.8382229916150961E-03  0.2032745349875374E-05  0.6913628175500214E-02 -0.6255832912037666E-05 -0.4562706887810598E-06
  327   0.1847887343912723E+00  0.8981081171951622E-03  0.1955507468960368E-05  0.7796419436413682E-02 -0.1375822173098152E-04 -0.3291781657715296E-06
  328   0.1777057072406591E+00  0.8330383526340905E-03  0.1936108351875577E-05  0.6739357189446064E-02 -0.2354015182191143E-04 -0.1796323172091201E-05
  329   0.1736633588279259E+00  0.8554479914826591E-03  0.2097509388026987E-05  0.6668887648390832E-02 -0.1390208935947811E-04  0.1859730020347583E-05
  330   0.1803574425104899E+00  0.8576369662368706E-03  0.1938464715380692E-05  0.6865539714766186E-02 -0.1177456414331306E-04  0.1946393805784726E-05
  331   0.1702433670366552E+00  0.8843415360709388E-03  0.1913324984470999E-05  0.6438290266673108E-02 -0.2841385045731531E-04 -0.3547016442291561E-05
  332   0.1560802393792604E+00  0.8706996435677886E-03  0.1981878446580186E-05  0.5688285817973539E-02 -0.8178077721813344E-05 -0.1515917772726715E-05
  333   0.1856753750938276E+00  0.9869811932914599E-03  0.1951458090413138E-05  0.7713456246694094E-02 -0.1101476712835751E-04 -0.1010032656553591E-05
  334   0.1578054264757550E+00  0.8691958284882846E-03  0.2085295498285495E-05  0.6176755337907901E-02  0.1429470208051219E-04  0.1684055136872432E-05
  335   0.1537631437055357E+00  0.8762207690766040E-03  0.2343033080626239E-05  0.5555128588302990E-02 -0.4690673566686566E-04 -0.1424337591765310E-05
  336   0.1612953319229277E+00  0.9962308486942636E-03  0.2075296000036345E-05  0.6844182464079820E-02 -0.1141306071996967E-04 -0.1368181220375504E-05
  337   0.1613077821328653E+00  0.9081124650752122E-03  0.2020752566390322E-05  0.5741640630892073E-02  0.3725128549917234E-04  0.1688258294921720E-05
  338   0.1555339300946074E+00  0.9552107789280742E-03  0.1913184403657563E-05  0.6350004847223270E-02 -0.2378873402175509E-04 -0.1344224582406847E-05
  339   0.1501940904981585E+00  0.8522989577934810E-03  0.1806029457871203E-05  0.4869625808173022E-02  0.7087711103166928E-06 -0.6014581766981334E-06
  340   0.1516782224491941E+00  0.8802807814319324E-03  0.1956154800735144E-05  0.5099249628360480E-02 -0.8603075629083712E-05 -0.3546044677559151E-05
  341   0.1484938227765176E+00  0.8833114677873105E-03  0.1946182460817418E-05  0.5349247448946865E-02  0.1199234479289461E-04  0.2788048130801796E-05
  342   0.1413070587787630E+00  0.8096404156669998E-03  0.1996073078087869E-05  0.4760952075420861E-02  0.1208562055261449E-04  0.2867117333568685E-06
  343   0.1393019407500787E+00  0.9162960357607338E-03  0.2088842613168775E-05  0.5037058442187182E-02 -0.9041129005652268E-05 -0.1708595069123528E-05
  344   0.1364561220845170E+00  0.8860695204550193E-03  0.1989246351401175E-05  0.4294224388201540E-02  0.3747286502456769E-04 -0.1801095556784251E-05
  345   0.1296824847083909E+00  0.9353337655804631E-03  0.1909649535702367E-05  0.5387995561126286E-02 -0.2105299737224486E-05 -0.1853680835115182E-06
  346   0.1299879394267700E+00  0.9696729094840391E-03  0.1944314948930665E-05  0.5342071968418098E-02 -0.2687153159767899E-04  0.2619018812376647E-06
  347   0.1224449490075233E+00  0.8604395579501157E-03  0.2066951025968578E-05  0.4224200658139441E-02  0.1143560249201555E-04  0.2844350375666966E-05
  348   0.1260900842798587E+00  0.8241633368525376E-03  0.1890892339824227E-05  0.4262101599007588E-02 -0.6904109856065569E-05  0.5274692477515580E-06
  349   0.1132963163861386E+00  0.8672237897213009E-03  0.1982429154320665E-05  0.3974404919487064E-02  0.9151405431142930E-05  0.4344189765917388E-06
  350   0.1110190697885938E+00  0.8440408887465890E-03  0.1874942186594051E-05  0.3441862678250788E-02  0.1736879838556894E-04  0.3224420043572413E-05
  351   0.1195778929163385E+00  0.9702709601706307E-03  0.1791145506843238E-05  0.4351984051646368E-02 -0.1254852168571929E-04 -0.1903081294496469E-05
  352   0.1210967768942040E+00  0.9267562326859078E-03  0.1910291502254550E-05  0.4547626790350598E-02 -0.1892148167785655E-04 -0.3325970102139951E-05
  353   0.1094052251078295E+00  0.8860986825914813E-03  0.1876211999887679E-05  0.3475792595822553E-02 -0.7982096332126669E-05 -0.1922170317874033E-05
  354   0.1154072882543069E+00  0.9457832029415044E-03  0.1791966939442484E-05  0.3950101894165214E-02 -0.7673127019199667E-06  0.8244632430126183E-06
  355   0.1086782586741373E+00  0.8596486065848948E-03  0.1973243528776587E-05  0.3682006883774734E-02  0.7195338163542674E-05  0.1773070287004807E-05
  356   0.1175840238753478E+00  0.9850925037929456E-03  0.2039253838464408E-05  0.4501013719266138E-02 -0.9120253130298885E-05 -0.4473745074070849E-06
  357   0.1096336257249328E+00  0.9872287981873241E-03  0.1777349318660842E-05  0.4044656503321813E-02  0.3382645672716078E-05  0.7024426461444528E-06
  358   0.1037292595164780E+00  0.9995888693747430E-03  0.1874152910608448E-05  0.3602674696092491E-02 -0.2011836984387744E-04 -0.2991440270753700E-05
  359   0.1008326993021644E+00  0.9209850829392552E-03  0.1754733709591098E-05  0.2801283260049416E-02  0.7597393318714565E-05 -0.2848421026734834E-05
  360   0.9991778482457025E-01  0.9294373394738160E-03  0.1925960084225534E-05  0.3477892578008409E-02 -0.3897931721190536E-04 -0.7553888169947851E-06
  361   0.9522456038937649E-01  0.9997690921565777E-03  0.1723399549177194E-05  0.3086468892972062E-02 -0.3030733982932631E-04 -0.8392170602757484E-06
  362   0.1074320228298825E+00  0.9649817479524671E-03  0.1695124289978268E-05  0.3270990286003476E-02 -0.9985300277114453E-05  0.1126708044358687E-06
  363   0.1042043310806710E+00  0.9468558776894036E-03  0.1889016605070513E-05  0.2539625741486630E-02  0.1686680107250930E-04  0.7955744104908401E-06
  364   0.1004691483780986E+00  0.9624037775069910E-03  0.1831513099770446E-05  0.3367858584277951E-02 -0.1277109326281175E-04 -0.1278799224331417E-06
  365   0.9670011952681506E-01  0.9610029265224631E-03  0.1942035369872056E-05  0.2630749277825592E-02 -0.2360465711141236E-04 -0.1851688435578868E-05
  366   0.9852924443913796E-01  0.9993448944797879E-03  0.1811327522220572E-05  0.2618136590628667E-02  0.1112310941827035E-04 -0.8343436820343287E-06
  367   0.9862141293954331E-01  0.9314865738221368E-03  0.1703218304990117E-05  0.2493607958663690E-02  0.2057810768567607E-04  0.1548989262845923E-05
  368   0.8691760758016048E-01  0.1044435490340660E-02  0.2023437701856910E-05  0.2853568083654940E-02  0.3493070608552695E-05 -0.1716620890982372E-05
  369   0.9476638084396762E-01  0.9151516032713027E-03  0.1798910209500585E-05  0.2440712378308830E-02  0.3464092439452304E-05  0.6244945987502641E-06
  370   0.9102713969987354E-01  0.9053718646461031E-03  0.1816805510740068E-05  0.2215201177210890E-02  0.3655592387100471E-04 -0.1451090322094118E-05
  371   0.9437309849425540E-01  0.9557921214360903E-03  0.1972934350065406E-05  0.2514758535212943E-02 -0.8324966960708431E-05  0.3537532896007325E-06
  372   0.9455789189536350E-01  0.9371451105271017E-03  0.1706477124675162E-05  0.2061643151562331E-02 -0.1301321633899429E-04  0.3154282629095774E-06
  373   0.8580858202290541E-01  0.9359924356561642E-03  0.1780559254167406E-05  0.1608997427076190E-02  0.1362070739148929E-04 -0.1863756804889874E-05
  374   0.8365609885622777E-01  0.8737582241806303E-03  0.1841825861755570E-05  0.1822197494749275E-02  0.2565019501292398E-04  0.2748780870420642E-06
  375   0.8778855223885126E-01  0.8654787098541157E-03  0.1876394290001716E-05  0.2361951450253952E-02  0.1773783772766409E-05  0.3998585333613717E-06
  376   0.8160349691419982E-01  0.9065729922125041E-03  0.1840410193412809E-05  0.1608653676564932E-02 -0.1089395121308556E-04 -0.8059512132642394E-06
  377   0.9120991723937275E-01  0.9844807217971889E-03  0.1761651799924169E-05  0.1990464159739608E-02  0.4846249579513467E-05  0.1081436860497502E-05
  378   0.8200682665348914E-01  0.1004125633235987E-02  0.1809025058503815E-05  0.1634842003565344E-02  0.1650433173257953E-05  0.1915182976160791E-05
  379   0.7585451577382178E-01  0.9046663613811323E-03  0.1829468396774289E-05  0.1012672351694215E-02 -0.1909098780327351E-04  0.8314120379439784E-06
  380   0.7861590557418040E-01  0.9100169806033937E-03  0.1799988837060069E-05  0.1443390564783018E-02  0.5289988898782792E-06 -0.2568203249526411E-05
  381   0.7934272862974052E-01  0.9254697463512339E-03  0.1903608037391253E-05  0.1251465155139479E-02  0.1143790059290171E-04  0.5166197018387054E-07
  382   0.7693922310620943E-01  0.9413757473143924E-03  0.1671392843350671E-05  0.1192930174741038E-02 -0.1307070132257652E-04 -0.2401057385562111E-06
  383   0.8012497458320472E-01  0.8709810174159208E-03  0.1782718995507539E-05  0.1455638651120392E-02 -0.5388748934786996E-05 -0.1498396041836846E-05
  384   0.7946581315312067E-01  0.9268900841902605E-03  0.1691579226527963E-05  0.9285747765776856E-03  0.2407322845314208E-04  0.3820026427483624E-06
  385   0.7709239275950203E-01  0.8652307525221932E-03  0.1586577523454666E-05  0.1141862348642653E-02  0.1182855311800134E-04 -0.2739700633785749E-05
  386   0.7372233903289707E-01  0.9529220951708544E-03  0.1904992163108116E-05  0.4270069235986259E-03  0.4494602115689926E-05 -0.6576378796791499E-06
  387   0.7567377334476490E-01  0.8744574928881435E-03  0.1718364887106365E-05  0.1137082876413125E-02 -0.1824444967028498E-04 -0.8183860990594999E-06
  388   0.7156790107346835E-01  0.9335226292153401E-03  0.1776381239329050E-05  0.9576726544646525E-03 -0.3071573717738733E-05  0.3253957014845643E-05
  389   0.6811757023100858E-01  0.8809718071764831E-03  0.1774089208783398E-05  0.8027598075056627E-03 -0.1706953595450692E-04 -0.8633867694012921E-06
  390   0.6586807596359597E-01  0.8566902925915212E-03  0.1683240127005834E-05  0.4733038133170171E-03 -0.4589653580506391E-05 -0.1499920880108146E-06
  391   0.7585559818613694E-01  0.9026270759242258E-03  0.1827730764557013E-05  0.2007069794469827E-03 -0.2234324151633806E-04  0.1852548251459496E-05
  392   0.7055969113392445E-01  0.9296160640266771E-03  0.1599023551600866E-05  0.4297564816353783E-03  0.1355361815413598E-04  0.1500045141388639E-05
  393   0.6951215767530142E-01  0.8842502794041096E-03  0.1754581239979286E-05  0.4670089230715649E-03  0.1793932541710783E-04 -0.1693947235653671E-06
  394   0.7320693179905484E-01  0.8383614064217824E-03  0.1679592279741307E-05  0.3430971610199936E-03  0.1013136799546049E-04 -0.6385663698473566E-06
  395   0.6263906189868972E-01  0.9049656285579576E-03  0.1964452619184489E-05 -0.1233422486238106E-03  0.1139696943314870E-04  0.8966193166925389E-07
  396   0.7196004774237667E-01  0.8203965650929812E-03  0.1616232864936002E-05  0.2687951474117333E-03 -0.2342276845014846E-04  0.1400378270873313E-06
  397   0.6946210295657367E-01  0.8910260977677581E-03  0.1666536016186718E-05 -0.9798623237652093E-04  0.2348576445745300E-04  0.1247622249928790E-05
  398   0.7425987442497932E-01  0.8774183918529738E-03  0.1736681874795684E-05 -0.3348880567050706E-03 -0.1251329492123342E-04 -0.4495705322420741E-07
  399   0.6958945710864169E-01  0.8680653852950642E-03  0.1673065756583412E-05  0.3122785107256989E-03  0.5410011717975038E-05  0.1058426458641869E-05
  400   0.6847856430419637E-01  0.8178449582843751E-03  0.1643010792700921E-05 -0.2763554063235946E-03  0.2825742919490783E-07  0.2650628894661673E-05
  401   0.6855671113086258E-01  0.8626417211447203E-03  0.1761787704383663E-05 -0.1382034770642727E-03 -0.5834388234430380E-05  0.6472920516823082E-06
  402   0.6871478313731688E-01  0.8581983797771123E-03  0.1428286817861573E-05 -0.8237415473306359E-03  0.1751139118478480E-05  0.1741092412993276E-05
  403   0.6252671872996247E-01  0.8430175284563409E-03  0.1489826375744623E-05 -0.6383425161592556E-03 -0.1712279405665121E-04  0.6035981059237223E-06
  404   0.6387161421862086E-01  0.8031150422168469E-03  0.1670569498396967E-05 -0.3106097781639067E-03 -0.1469231138814540E-04 -0.2797389030712172E-06
  405   0.6698372818564648E-01  0.8406166645648349E-03  0.1529027090941747E-05 -0.7526877127977343E-03 -0.1857690535921811E-05  0.1669337723135189E-05
  406   0.6680261897304622E-01  0.8542988870971044E-03  0.1817874786571220E-05 -0.7418101588225231E-03  0.6510188491078304E-05 -0.1868939371521192E-06
  407   0.6621543648028204E-01  0.8399193077618945E-03  0.1661948048448399E-05 -0.5810659483909296E-03  0.1720883126870224E-05  0.3329335149605570E-05
  408   0.6619413364440478E-01  0.8074306574006971E-03  0.1632067990515799E-05 -0.8569635885899409E-03 -0.1518080318112706E-04 -0.7265336275981459E-06
  409   0.6156229530556993E-01  0.8353704865652565E-03  0.1636391844916541E-05 -0.8112665726604819E-03  0.3839297595085218E-05 -0.3704197883542047E-06
  410   0.6031692128922624E-01  0.7383485911133331E-03  0.1689542045760144E-05 -0.3509759994042260E-03  0.9629516914672833E-05  0.1525686274757247E-05
  411   0.6149613771533121E-01  0.7587380618558207E-03  0.1592198012048442E-05 -0.9305236196055826E-03  0.5952306957650215E-05 -0.4399939351923551E-06
  412   0.6528772350136736E-01  0.7337857816074494E-03  0.1825055639959023E-05 -0.4497368542938610E-03  0.5863114882121768E-05  0.9964263946247420E-06
  413   0.6206691618658307E-01  0.8622691834577029E-03  0.1694424101643466E-05 -0.1280208694022087E-02 -0.6103379189713290E-05 -0.4587712156133778E-06
  414   0.6420991869604888E-01  0.7802277235749429E-03  0.1694253162338892E-05 -0.1630555596579012E-02  0.1850755665569987E-04 -0.1247223753222077E-06
  415   0.6522848856506946E-01  0.7287760249685999E-03  0.1701819178017232E-05 -0.5948246130819718E-03  0.3256743962663351E-05 -0.1738646665770670E-05
  416   0.5930373901274223E-01  0.8097972235526176E-03  0.1709366598790560E-05 -0.9294136996304870E-03  0.1326679419508892E-05  0.8462797399713454E-06
  417   0.6392262081690472E-01  0.7670041634483379E-03  0.1684802030872527E-05 -0.1073510522272535E-02 -0.1118446961742480E-04 -0.9317074479802787E-06
  418   0.6243924816275405E-01  0.7129084238926487E-03  0.1635804659294520E-05 -0.1078950374868218E-02 -0.1272231074665509E-04  0.3495988070348660E-06
  419   0.6197998105554704E-01  0.7217520274873252E-03  0.1590831314100201E-05 -0.1063315701620473E-02  0.2400965465362947E-04 -0.1074869312156379E-05
  420   0.6092157943816123E-01  0.7676422021491400E-03  0.1689928205406905E-05 -0.1343634724459419E-02  0.3983645987727567E-05 -0.4202659514840003E-06
  421   0.6284648249545656E-01  0.7197512561196931E-03  0.1655918948578550E-05 -0.1289214246252302E-02  0.6431950868569374E-05 -0.1145679969150081E-05
  422   0.6274741896554076E-01  0.6934885115440428E-03  0.1639627383669459E-05 -0.1372554002804451E-02 -0.2445338289881248E-05 -0.1516217196718064E-05
  423   0.6169620344012217E-01  0.7034767564013470E-03  0.1466890667853363E-05 -0.1503912088772730E-02 -0.8033502885343659E-05  0.5767348512758294E-06
  424   0.6029306783160338E-01  0.7430730337937652E-03  0.1684187136214442E-05 -0.1581884158500046E-02  0.2866991724885905E-04  0.3536423714293445E-06
  425   0.6298632668536637E-01  0.6826983781005622E-03  0.1616943681901356E-05 -0.1842708759074406E-02 -0.1017162847482249E-04 -0.9261532712115179E-06
  426   0.5810280157135601E-01  0.6819164564528892E-03  0.1665836129077908E-05 -0.1378713881246032E-02  0.1348024458680629E-04 -0.4071519875982724E-06
  427   0.6317858408879122E-01  0.6258118501313200E-03  0.1721959487590176E-05 -0.1385445457122834E-02 -0.1060195465316072E-04  0.1552439553441179E-05
  428   0.6234463583403874E-01  0.6359089473767364E-03  0.1692945376578017E-05 -0.1705198602973599E-02 -0.2005934973255149E-04  0.1349107852990192E-05
  429   0.6527157805218893E-01  0.6767954572118685E-03  0.1727701201935095E-05 -0.1830058467696517E-02 -0.4984714386828446E-05  0.9006400744276629E-06
  430   0.6092821878872424E-01  0.6599252494142243E-03  0.1543955573655366E-05 -0.2206708409866466E-02 -0.1522776200312042E-04  0.5673167512913898E-07
  431   0.6036691167466891E-01  0.6672843196829519E-03  0.1631990192288294E-05 -0.2085387647707080E-02 -0.6092170926013580E-05  0.4133138932641918E-06
  432   0.5572999280892683E-01  0.5900732643840297E-03  0.1677670895516829E-05 -0.1389347703301177E-02 -0.3567263053019744E-05  0.1576951371702321E-05
  433   0.5947541604952432E-01  0.6083584159164449E-03  0.1470042195048742E-05 -0.1776308104965211E-02 -0.1097267991316977E-06 -0.1375100491977230E-05
  434   0.6514072761731812E-01  0.5618928621056084E-03  0.1564958034191361E-05 -0.1851418980051535E-02  0.1462403415466566E-04  0.1313231695945807E-05
  435   0.6220438486923374E-01  0.6476483568258061E-03  0.1513643728970303E-05 -0.1654925399591256E-02 -0.1674069840648788E-05 -0.1682064217747872E-05
  436   0.5544635006636528E-01  0.5815375113464619E-03  0.1631971596414293E-05 -0.1697306296242649E-02 -0.7127601152634578E-05 -0.3389686719370397E-06
  437   0.5885421109520478E-01  0.5895087895360906E-03  0.1522687886190162E-05 -0.1997712296775616E-02  0.1306187984966717E-04 -0.1094172663636669E-05
  438   0.5903736921126860E-01  0.5860313446913157E-03  0.1556204717918264E-05 -0.2089624681429636E-02 -0.2888101019192725E-05  0.6999699760366405E-06
  439   0.5802284175607576E-01  0.5980682280392891E-03  0.1631370974883098E-05 -0.2038720100216009E-02 -0.5439278064852527E-05  0.2068211368150026E-06
  440   0.5719384918803787E-01  0.5903289458678804E-03  0.1452634673283685E-05 -0.2054001151471565E-02 -0.1039506790940969E-04  0.9909303288899194E-07
  441   0.5914348807767118E-01  0.5587961853160896E-03  0.1502847957095017E-05 -0.1856926067165024E-02  0.1132512403035677E-04 -0.4715812937034329E-06
  442   0.5641483843687349E-01  0.5275613118432841E-03  0.1592103373526348E-05 -0.1628434287166014E-02  0.6377571738113280E-05  0.9063156727173600E-06
  443   0.5815606574193058E-01  0.5440310097215747E-03  0.1630247727993567E-05 -0.1790430444819967E-02 -0.2442402703104937E-05  0.1969799777199690E-05
  444   0.5910988156601660E-01  0.5189383838054966E-03  0.1493456844085436E-05 -0.1931569486433539E-02  0.3168122151312018E-05  0.1426992695319952E-05
  445   0.6514732591499947E-01  0.5430578078505206E-03  0.1507899974651729E-05 -0.2319240852258602E-02 -0.8837934017687622E-05  0.8911980508396216E-06
  446   0.5766146419608199E-01  0.5039205282851142E-03  0.1548339895638232E-05 -0.1785871468484404E-02  0.8551392499199146E-05 -0.1773243078248810E-05
  447   0.5968539748112941E-01  0.4904807511565918E-03  0.1522482456029000E-05 -0.2355554553460620E-02 -0.1921180621035576E-05 -0.5390831682410632E-06
  448   0.6719326831733531E-01  0.4763244957473479E-03  0.1608642604202732E-05 -0.2368427653063181E-02 -0.8397010993367647E-06  0.1523795740328686E-05
  449   0.6355882527481763E-01  0.4793531248489073E-03  0.1420108468985136E-05 -0.2382795463789664E-02  0.8684110342432647E-06 -0.4192566539635214E-06
  450   0.5792268414268314E-01  0.5088458878603401E-03  0.1516762775903667E-05 -0.1931902058456971E-02  0.1258747778079719E-04 -0.5167062921565355E-06
  451   0.6030813002073453E-01  0.4892393094474571E-03  0.1693086713528123E-05 -0.1849663699486690E-02 -0.1350173068644238E-04  0.1359123119895023E-05
  452   0.5808053703388806E-01  0.5126020020413815E-03  0.1553244815140141E-05 -0.2300426503322737E-02 -0.6238926393028211E-05  0.4778831826025294E-07
  453   0.6556108542649244E-01  0.4955684257085510E-03  0.1664322971930473E-05 -0.2444130510488887E-02  0.7883467123750903E-05  0.3834086171086663E-06
  454   0.6042185509655003E-01  0.4424504493286564E-03  0.1692229870519499E-05 -0.1904529314741700E-02  0.2091837263134037E-05 -0.5559782952989139E-06
  455   0.5752610583340582E-01  0.4483999331427323E-03  0.1503832576983068E-05 -0.2175682281842923E-02  0.1567184816395285E-04 -0.1311300645904296E-05
  456   0.5889769641831698E-01  0.4287483185447892E-03  0.1576520955705913E-05 -0.1739457656869741E-02  0.1266784406792828E-04  0.5653924993033365E-06
  457   0.6181641967460870E-01  0.4516465773101816E-03  0.1581021260695105E-05 -0.2248936260910081E-02  0.1334538967982202E-04 -0.4325663863661835E-06
  458   0.6290630056597891E-01  0.4150688374335257E-03  0.1530963040630208E-05 -0.2271046701851359E-02  0.2827027564432818E-05 -0.4214814138559944E-06
  459   0.5839810548872605E-01  0.4353154370418988E-03  0.1592724052566469E-05 -0.2345378694731276E-02  0.1356927269797771E-06  0.6553538421197064E-06
  460   0.6296324299809519E-01  0.4402160442442328E-03  0.1625461959921249E-05 -0.2475676021591371E-02  0.9068240976664530E-05  0.1207304859857887E-06
  461   0.5769901824741906E-01  0.4057294151353268E-03  0.1549109587619408E-05 -0.1980581253326006E-02 -0.4039338815915518E-05  0.3902230547804116E-06
  462   0.6039088156420885E-01  0.4147054595647833E-03  0.1602772501856864E-05 -0.2164184065031604E-02  0.4199606925050378E-05 -0.3733649122779167E-06
  463   0.6151106650955583E-01  0.4115750673736956E-03  0.1514045076741038E-05 -0.2161425307656372E-02  0.1375468441539920E-04 -0.8379993028496780E-06
  464   0.6055184458334028E-01  0.4090851857648050E-03  0.1461280742693017E-05 -0.2438454897004138E-02 -0.1940171321913123E-04  0.1523200818622247E-05
  465   0.5647410740061199E-01  0.3658475219016816E-03  0.1481581004456447E-05 -0.1881848223923637E-02 -0.3863657336924517E-05 -0.3984116613956077E-07
  466   0.6027002053126122E-01  0.3739106652971623E-03  0.1571781213831998E-05 -0.2137752581217509E-02 -0.8494270617367859E-05  0.4472902751428969E-07
  467   0.5664247448798916E-01  0.3540312424428307E-03  0.1529065426660625E-05 -0.1845262793971391E-02  0.3565912860723545E-05  0.5723342418773557E-07
  468   0.6231249319497371E-01  0.3813409679806816E-03  0.1505049337003851E-05 -0.2133647565540310E-02  0.1645685072971453E-04 -0.1124773537052156E-05
  469   0.6272834086598283E-01  0.3465307832655555E-03  0.1494617579789261E-05 -0.2137223065798470E-02 -0.1402790205193347E-04 -0.2321247755202944E-06
  470   0.6044366414220728E-01  0.3315761237983654E-03  0.1662236600933306E-05 -0.2052477379621406E-02 -0.1252745047152598E-04 -0.5539775658758549E-07
  471   0.5922230606370038E-01  0.3524604421602575E-03  0.1637937941067812E-05 -0.1907831248181050E-02 -0.1050706773829181E-04  0.1829768881319713E-07
  472   0.6096154113231855E-01  0.3005926008063315E-03  0.1430789165175761E-05 -0.1923912799676248E-02 -0.7800534951253093E-05  0.1258624920305099E-06
  473   0.6063922282162775E-01  0.3410619330593416E-03  0.1483665616126452E-05 -0.2135699536379124E-02 -0.2968050563493732E-05 -0.8014719836162179E-06
  474   0.6250792215136690E-01  0.3048288979580513E-03  0.1536532603241723E-05 -0.2013288045987621E-02 -0.3517794360347828E-05  0.2975555967022018E-06
  475   0.6364945383463837E-01  0.3123922365626188E-03  0.1310887671750791E-05 -0.1797023631834974E-02 -0.5236432236930514E-05 -0.3917283415549693E-08
  476   0.6227021724963627E-01  0.3080168928412793E-03  0.1588111131399367E-05 -0.2034531089441869E-02  0.1618689155241543E-05 -0.5315409676250196E-08
  477   0.6295963874522609E-01  0.2918232178480006E-03  0.1513042512265381E-05 -0.2126072265237700E-02  0.5857472267438354E-05 -0.1263784583777845E-07
  478   0.6385051600915891E-01  0.3079163894618560E-03  0.1453741403443456E-05 -0.2099626521509046E-02 -0.2002326148481168E-04  0.5541809904312147E-06
  479   0.6302127563565554E-01  0.3056826858662881E-03  0.1530815771054525E-05 -0.2000917995680323E-02  0.1420506552960068E-05 -0.2299602256787808E-06
  480   0.5831747178145768E-01  0.2880379618640757E-03  0.1527256898098005E-05 -0.1886933535177407E-02 -0.6582428039203554E-05 -0.2611272147855107E-06
  481   0.6147601270264282E-01  0.2757016943613833E-03  0.1475368169602388E-05 -0.1859752974261527E-02  0.9222976050805377E-05 -0.5786491690464311E-07
  482   0.7162839043813196E-01  0.2956508811785901E-03  0.1431706080135233E-05 -0.2221264929961789E-02  0.1479268644320675E-04 -0.1402200445955652E-05
  483   0.5757645850021936E-01  0.2614353064190595E-03  0.1574265605167434E-05 -0.1714351440162023E-02 -0.6042098947798711E-05  0.2905844461520085E-06
  484   0.6047220348390222E-01  0.2521184865934890E-03  0.1480558866702271E-05 -0.1765025901537957E-02 -0.3066542303088329E-05  0.4071096245562142E-06
  485   0.5411330511726660E-01  0.2635676630388963E-03  0.1555049680573861E-05 -0.1732880237101792E-02  0.1025237688445643E-04 -0.2354496960232298E-06
  486   0.5721832713756746E-01  0.2552488454959014E-03  0.1550192561242261E-05 -0.1706243012275450E-02  0.1025012983010163E-05  0.7200727792631819E-06
  487   0.6630408338261853E-01  0.2559103092162970E-03  0.1545502422670504E-05 -0.1820419337721039E-02 -0.1243323963149875E-04 -0.2804167876650982E-06
  488   0.6173728000662843E-01  0.2555799611960634E-03  0.1518035023679276E-05 -0.1730399809394120E-02  0.7022190790706634E-05 -0.7736451230777868E-07
  489   0.6413711734234516E-01  0.2419152290630126E-03  0.1574224320766842E-05 -0.1962975072873535E-02  0.2279332645509267E-05  0.2984765649579265E-06
  490   0.6062589679490491E-01  0.2423880981758647E-03  0.1464890610163206E-05 -0.1807903129463895E-02  0.6024308339440675E-06 -0.7869032228568987E-06
  491   0.6305958970850072E-01  0.2302948255464579E-03  0.1553105134723798E-05 -0.1722120060128604E-02 -0.9453163692823196E-05  0.1004390205092983E-05
  492   0.6124007225387162E-01  0.2388072214069748E-03  0.1493566993993624E-05 -0.1722031906849440E-02  0.1220899394425464E-04  0.4124931755408375E-07
  493   0.6400771522125849E-01  0.2270108068664058E-03  0.1564157115991471E-05 -0.1644585836684522E-02  0.1094021380843028E-04 -0.7162022406606954E-06
  494   0.5973749908912706E-01  0.2110258098145440E-03  0.1343750126440862E-05 -0.1460231370454892E-02  0.3338027828754243E-05 -0.7634785648876628E-06
  495   0.6068174935039269E-01  0.2153155268998302E-03  0.1523492598928509E-05 -0.1403172245256020E-02 -0.4908639266413368E-05 -0.3475289044690038E-07
  496   0.6144770152058007E-01  0.2072623377835718E-03  0.1446698329540133E-05 -0.1455213111971558E-02 -0.4270286440692407E-05 -0.6041989415463605E-06
  497   0.6238264499989108E-01  0.2232309020557109E-03  0.1545766469122886E-05 -0.1633021378738404E-02  0.4677301677829449E-05 -0.2666234361480925E-06
  498   0.6074055904375906E-01  0.2201939261462506E-03  0.1440747067708231E-05 -0.1556852908350156E-02 -0.3814552814868390E-05  0.1990505564264693E-06
  499   0.6438185531045294E-01  0.2057277975053420E-03  0.1608914861917163E-05 -0.1720406808410160E-02 -0.7801129460563399E-05 -0.6981640833995835E-08
  500   0.6021225360294154E-01  0.2203009905560056E-03  0.1492918420115617E-05 -0.1537476875679176E-02  0.2956413626040043E-04 -0.4587552983956530E-06
