# nlmax, ncor, nside =         500           6         512
    0   0.1312821843345431E+04  0.0000000000000000E+00  0.0000000000000000E+00  0.0000000000000000E+00  0.0000000000000000E+00  0.0000000000000000E+00
    1   0.3496050012451534E+02  0.0000000000000000E+00  0.0000000000000000E+00  0.0000000000000000E+00  0.0000000000000000E+00  0.0000000000000000E+00
    2   0.1627676306628368E+03  0.9715585124091935E-02  0.7751320454275097E-03 -0.5686794686297318E+00 -0.2040015771925635E+00 -0.2845776523744140E-03
    3   0.5960926591786504E+03  0.1735896465628733E-01  0.4815453842493003E-03  0.2638743551242583E+01  0.4525300931777793E-01 -0.5318136285728153E-04
    4   0.1894143012428995E+03  0.7083141070344741E-02  0.9143236313307368E-03  0.9211800947171275E+00 -0.2014931482489059E+00 -0.1400341791536394E-02
    5   0.5128380178504420E+02  0.1545341686528411E-02  0.2466974363447878E-03  0.5726724644605910E-01 -0.1837640444206648E-01  0.1133235343619817E-03
    6   0.4385650625812134E+02  0.1487452773915282E-02  0.1089115277518431E-03  0.1141414781137304E+00  0.2885485829718352E-01  0.1945773803741032E-03
    7   0.7220387699856721E+02  0.2500487953244338E-03  0.3193857642130559E-03  0.4929419258296897E-01 -0.1139315469427748E-01 -0.4048493531357160E-04
    8   0.4297603912520407E+02  0.3038426348165352E-03  0.2274604691561158E-03  0.6007302601779784E-01 -0.1336055091489971E-01 -0.1116853829090516E-05
    9   0.3668594962729053E+02  0.2285998572646301E-03  0.1942852415374644E-03  0.1199590855910680E-02  0.1429788366560683E-01 -0.1529189250139363E-04
   10   0.2983631998168104E+02  0.2702034389937911E-03  0.1681739012911654E-03  0.3755287844489036E-01 -0.1826273453097040E-01 -0.7288250141877938E-04
   11   0.3612235750178856E+02  0.4726770376821432E-03  0.1085788586490094E-03  0.9133923544374724E-01  0.1034978067213337E-01  0.5772173592195639E-04
   12   0.2518813751453385E+02  0.3650187083405478E-03  0.1468086219753145E-03 -0.1545353658527111E-02  0.3411805157065206E-02  0.8213710316802519E-04
   13   0.1913683291207916E+02  0.1618398168469700E-03  0.1320660274365506E-03  0.7572797584096390E-02  0.5027242566882119E-02  0.2259812163665412E-04
   14   0.3331684704512889E+02  0.3037765167818851E-03  0.1912266156556746E-03  0.4188882363962006E-01  0.1875971773985475E-02 -0.4837509864933408E-04
   15   0.2131503693799748E+02  0.1976217147714161E-03  0.1817007431463307E-03  0.1972496148795674E-01  0.1873607744439870E-01 -0.4167223557906854E-05
   16   0.1427554222698314E+02  0.1311168657359088E-03  0.1187958000849562E-03  0.7477411158232783E-02  0.8581807360873552E-02 -0.1165141865700621E-04
   17   0.1865189375745877E+02  0.1901299413598577E-03  0.1698890722466454E-03  0.2793479611399490E-01  0.1171107218841495E-01  0.1276983628704138E-04
   18   0.1290724100996129E+02  0.2577982196562636E-03  0.1575891414570776E-03  0.1986759935047383E-01  0.1118183717776678E-01  0.9214343904419855E-04
   19   0.1190987525093548E+02  0.2510475968360878E-03  0.1064460565645742E-03  0.2151830203969515E-01 -0.3098398604245236E-02 -0.2293136652683258E-04
   20   0.9688571560322305E+01  0.1670449020968860E-03  0.1876296786746024E-03  0.5549067689475901E-02  0.1401671581967547E-02 -0.1565812475867116E-05
   21   0.1204777221488701E+02  0.2521713191249013E-03  0.1460138439003724E-03  0.2135425443251816E-01 -0.5285673774994446E-02  0.1119259968177129E-04
   22   0.8129781946550009E+01  0.2569256836071351E-03  0.1556874401931466E-03  0.1541640294892701E-01  0.2424735103847661E-02 -0.2041068644989693E-04
   23   0.1224817767661233E+02  0.2117408158270871E-03  0.1337589939925036E-03  0.1357692549476348E-01  0.5240870369632528E-02 -0.3700408498630565E-05
   24   0.1080068671711149E+02  0.2178045090942962E-03  0.9433952273747941E-04  0.1135364368991696E-01 -0.6501369031702123E-02 -0.1328432355987552E-04
   25   0.5665041805310309E+01  0.1952878909249938E-03  0.1013054328584977E-03  0.5848517123971171E-02 -0.2536355069161822E-02  0.3425614989363244E-04
   26   0.9993990226505845E+01  0.1990987594617985E-03  0.1147336715133213E-03  0.1297280981393605E-01 -0.3736281416711196E-02 -0.1117912654001549E-04
   27   0.8034292556357496E+01  0.3560645455792045E-03  0.1388795969998499E-03  0.5956675791476566E-02  0.1829117296931237E-02 -0.5617234189182749E-05
   28   0.5136351440479189E+01  0.2971173419865652E-03  0.1325252151433753E-03  0.1024262969758963E-01 -0.1988496144661777E-03 -0.1530254268828364E-04
   29   0.9124332846641174E+01  0.3062952735682517E-03  0.1388941074855019E-03  0.1423029474387814E-01 -0.2008972231019019E-02 -0.2581681802591541E-05
   30   0.7317448510546156E+01  0.2421108116071755E-03  0.1339425290667032E-03  0.9381931833047360E-02  0.8902408266587543E-02  0.1519789168708614E-04
   31   0.6375732921699488E+01  0.2910755764546326E-03  0.1296786854709618E-03 -0.5561227923557784E-03 -0.1505017409255606E-02 -0.1133712764352027E-04
   32   0.6729293963582140E+01  0.3515609901300923E-03  0.1044496206273181E-03  0.1341695325248501E-01 -0.1432974251308491E-02 -0.5538068428089342E-05
   33   0.5977175823609599E+01  0.4455804972920923E-03  0.1201769723829861E-03  0.6647016665619878E-02  0.1266096277148323E-02  0.2735821034494938E-04
   34   0.5093656183783649E+01  0.4337592505505198E-03  0.1261806018841921E-03  0.6857166351901698E-02 -0.1996254841938923E-02  0.2722122239923945E-04
   35   0.5356126233673243E+01  0.3385740293207908E-03  0.8833489422213965E-04  0.1016265004847938E-01 -0.3666333712941105E-03 -0.5013470269439861E-05
   36   0.5700474688209097E+01  0.2988927009162633E-03  0.1493768715589510E-03  0.5540259474766878E-02 -0.2807447746305328E-02 -0.1186101340885987E-04
   37   0.4869956146776440E+01  0.3731798819591941E-03  0.1440693305918804E-03  0.8334955075610950E-02  0.2424586972643400E-02 -0.8433854160252091E-05
   38   0.5917451242415362E+01  0.4057613020694539E-03  0.9252718696411294E-04  0.5743674949238557E-02 -0.2195827293729593E-03 -0.3817118223048715E-04
   39   0.4712371417142797E+01  0.4057054640434516E-03  0.1346154290769094E-03  0.1047717824427053E-01  0.1316311300564072E-02 -0.1278425799648133E-04
   40   0.4933566599112945E+01  0.3946002558041499E-03  0.1217459849468456E-03  0.4094752388828790E-02 -0.3539299036288416E-03  0.1767302389751809E-05
   41   0.5544100917731963E+01  0.3882626732955177E-03  0.1056658385422263E-03  0.6665050546265442E-02 -0.1300547952269300E-02 -0.1285821350947593E-04
   42   0.4353987860296103E+01  0.3885952167132281E-03  0.1390162472561263E-03  0.4619484579364607E-02  0.3724715322871367E-02  0.1933207075752929E-04
   43   0.4032391297188713E+01  0.3787328063252117E-03  0.1285578374867037E-03  0.5942090209128179E-02  0.1783867604271976E-03 -0.2670872559808630E-04
   44   0.3747165837456161E+01  0.3858837941055073E-03  0.1044065571440167E-03 -0.1467911646049104E-02  0.3271707102783666E-02  0.2288043722681546E-04
   45   0.3800454647866354E+01  0.4435553788990937E-03  0.1413982813718798E-03  0.2510516861964924E-02  0.2861549747279457E-02 -0.3793267612152324E-04
   46   0.4171017438048209E+01  0.4228990416444752E-03  0.1532220454466814E-03  0.7881207864035320E-02  0.2513782703707602E-02  0.3117875330404500E-04
   47   0.4566797506943816E+01  0.3635243883218090E-03  0.1170830064195171E-03  0.2798092716464198E-03  0.1817151972661818E-02  0.5860106936624706E-04
   48   0.3380469842005898E+01  0.3926524265300259E-03  0.1253832614590594E-03  0.1790581579207599E-02  0.1286634973062078E-02 -0.3515719865713136E-04
   49   0.3683163811879197E+01  0.4760985145371013E-03  0.1274265232219555E-03  0.2039693937801654E-02  0.8098755342497752E-04  0.3219932927709022E-04
   50   0.3202165631251460E+01  0.4822698755185765E-03  0.1480270981194991E-03  0.7038019596771317E-02  0.5678851064249994E-03  0.2811016899960231E-04
   51   0.3439743217436009E+01  0.3122696910612113E-03  0.9396602891052855E-04  0.1411092499330888E-02  0.1524401989069446E-02  0.3068568857733211E-05
   52   0.3026268421509247E+01  0.4189463148041893E-03  0.1334412732032931E-03 -0.6460697122073584E-02  0.1401780422578050E-02 -0.1892499245885077E-04
   53   0.3210667563709744E+01  0.3813200290211907E-03  0.1222476876559998E-03 -0.3415923376086186E-02 -0.2513113114934353E-02  0.1620743930238150E-05
   54   0.2486897616040500E+01  0.5485268031320214E-03  0.1136404773899655E-03 -0.6012970056227087E-02 -0.1616972583496517E-02 -0.1709584403670608E-04
   55   0.3507437560131495E+01  0.4008583508161432E-03  0.1250744155941740E-03 -0.3725516908889215E-02  0.2574039897029094E-03 -0.2419821183983677E-04
   56   0.2566300965746990E+01  0.4857077152673183E-03  0.1067640605071924E-03 -0.6148905379180982E-02 -0.3245758688508309E-03  0.3932428352370025E-05
   57   0.2101350456951890E+01  0.4480125595080594E-03  0.1378642334037313E-03 -0.1292362493609934E-02  0.1241979848884474E-02 -0.6239155645408076E-05
   58   0.2695006391371035E+01  0.4744255129250265E-03  0.1166035936082930E-03 -0.6602742828023082E-02 -0.3303632937701638E-02  0.1236544853090332E-04
   59   0.3264261978033595E+01  0.4434508774336214E-03  0.1256518705523303E-03 -0.3021169867016167E-02  0.1146665865675117E-02  0.1068753156019948E-04
   60   0.2734121486190426E+01  0.4503314108611241E-03  0.1249228571165940E-03 -0.1169338383980769E-02  0.1590496992515569E-02  0.5658083355299803E-04
   61   0.2699615314923166E+01  0.4862923415167191E-03  0.1181753251532705E-03 -0.7271805044729644E-02 -0.2739730532530402E-03 -0.1714885987362139E-05
   62   0.3017018090892964E+01  0.4715213683604670E-03  0.1030726493568417E-03 -0.1702319076244137E-02 -0.8544622493518865E-03 -0.4171945635852331E-05
   63   0.2414702162742403E+01  0.3534002814110527E-03  0.1010480506515252E-03 -0.1634032263765104E-02 -0.2023277568804265E-02  0.1212403916748426E-04
   64   0.3124090754374061E+01  0.5091587674712882E-03  0.1051342004523038E-03 -0.1054226528619451E-01  0.2261651011468505E-02  0.2607618708694920E-04
   65   0.2350052210235659E+01  0.6281126465054763E-03  0.1164937111072096E-03 -0.1001313496903372E-01  0.3032841461882731E-03  0.1144605936594127E-04
   66   0.2034664911796830E+01  0.5101600513986409E-03  0.9874020192977591E-04 -0.4817980604977927E-02 -0.4147615236019666E-03  0.4011234765718449E-04
   67   0.2340574781187982E+01  0.4653178825877219E-03  0.1317386944802875E-03 -0.5770487439164146E-02 -0.4057100545398207E-03 -0.1379876365024172E-05
   68   0.2419532456736566E+01  0.5022701522742181E-03  0.1309651455087924E-03 -0.8711070000904958E-02  0.3480501431079258E-03  0.9452770566460978E-05
   69   0.2486080097529950E+01  0.5367955990713464E-03  0.1077366778936823E-03 -0.9165202511325769E-02 -0.2483501388608208E-02 -0.1846220423828054E-04
   70   0.2199807547714157E+01  0.5576433985393290E-03  0.1268001563089982E-03 -0.9802724509169847E-02  0.1211306754119981E-02  0.1841882231968055E-04
   71   0.2396867356406280E+01  0.5923516482547389E-03  0.1468118853579164E-03 -0.7746897320674603E-02  0.7292463860418422E-03  0.3558177131058299E-04
   72   0.2521510022962774E+01  0.5034102055948749E-03  0.1274161707081510E-03 -0.9321691746791681E-02 -0.2094923718718871E-02  0.5113847502340055E-05
   73   0.2290767134291863E+01  0.5324296854077516E-03  0.1463873169841693E-03 -0.1097144278866330E-01  0.3928713139078543E-03  0.1265418577884158E-04
   74   0.2232902322802783E+01  0.5167979232275642E-03  0.1138055431687670E-03 -0.6105576925528740E-02  0.1018270504069369E-02  0.3588338265858586E-06
   75   0.2275302771930521E+01  0.4508247171259050E-03  0.1133049455455697E-03 -0.9077274253684771E-02 -0.2744077446354142E-03  0.1218507675722416E-04
   76   0.2892899394316314E+01  0.5806563291429399E-03  0.1253493096690683E-03 -0.1938220005621123E-01 -0.4862514710026855E-03  0.2141029217339908E-04
   77   0.2144077344445553E+01  0.4895985463854032E-03  0.1097223654837944E-03 -0.4356983496843325E-02  0.5788502777255047E-03  0.3259538763864303E-04
   78   0.1744365854405630E+01  0.4700693031034433E-03  0.8862278111092127E-04 -0.9703256549111331E-02 -0.7267357223705985E-03  0.2988755307108740E-05
   79   0.1887703921795270E+01  0.5125588689433746E-03  0.9496423009604440E-04 -0.1040586204214951E-01 -0.1205083583888019E-02 -0.2698129587461230E-04
   80   0.1821788616581162E+01  0.5165692443228685E-03  0.1206882144661560E-03 -0.1178001723015681E-01  0.6044983925091639E-03  0.8420887481392555E-05
   81   0.2100409064716331E+01  0.6432660771195131E-03  0.1155619222326220E-03 -0.1568552523937542E-01 -0.8227454027188303E-03  0.1202917669618488E-04
   82   0.1565566741848688E+01  0.5759401597778297E-03  0.1112441670875058E-03 -0.9951796181444280E-02  0.1153704384401467E-02 -0.4312739107632276E-05
   83   0.1739831846501277E+01  0.5846924107198255E-03  0.1096906867865907E-03 -0.8701212031594678E-02 -0.3261959020632784E-03 -0.1909169721043296E-04
   84   0.2126924075148796E+01  0.6056215946342915E-03  0.1225302585137850E-03 -0.1542039496335508E-01 -0.8458170751085883E-03  0.3068178491300702E-04
   85   0.1637155009740021E+01  0.7080854220358320E-03  0.1162468811323963E-03 -0.1250251235006968E-01  0.1314046226779788E-02  0.1658229321030749E-05
   86   0.1806902584891387E+01  0.6983746872814159E-03  0.1118706893542875E-03 -0.1356404193705445E-01  0.5175959997677914E-03  0.1829843111844080E-05
   87   0.2126672633149503E+01  0.5551975790243285E-03  0.1031932347643796E-03 -0.1481286589105505E-01 -0.6965688960280809E-03 -0.1679529066593701E-06
   88   0.1909036668748139E+01  0.6012508998498855E-03  0.1126804869683087E-03 -0.1364988223163057E-01  0.1162685376292832E-02 -0.2175950961297509E-04
   89   0.1609866313825694E+01  0.5297539368987106E-03  0.1053162633142532E-03 -0.9961410140507240E-02 -0.1637945502364515E-02  0.2252848119972560E-04
   90   0.2028084365762844E+01  0.6776259116474680E-03  0.1089707638350004E-03 -0.1904072325279346E-01 -0.5879013869908743E-03  0.1997696922250216E-04
   91   0.1679292257731065E+01  0.6478540684786080E-03  0.9828546864102442E-04 -0.1285957712000071E-01 -0.9331249756262614E-03 -0.1993041428009064E-04
   92   0.1766782642704593E+01  0.6520544959425701E-03  0.1198278972819934E-03 -0.1600772550419915E-01  0.3308335214376696E-03 -0.1483021617912166E-04
   93   0.1814106902985386E+01  0.6393702185470227E-03  0.1365904415597932E-03 -0.1306866258444331E-01 -0.2913889638087695E-02  0.4545344936663190E-04
   94   0.1877762893278929E+01  0.5799251293832824E-03  0.1009428704449562E-03 -0.1724627349916220E-01 -0.3623851442498655E-03  0.3644610859512484E-05
   95   0.1870011572795513E+01  0.5936723970329529E-03  0.1028504279018540E-03 -0.1421946229555005E-01 -0.2893045058046306E-03  0.1105111888378608E-04
   96   0.1544044193616997E+01  0.6298528027288824E-03  0.1079656534942843E-03 -0.1720772987892728E-01 -0.3397802016151463E-03  0.2116079216177080E-04
   97   0.1514454162674022E+01  0.6262026421667884E-03  0.1289523544912716E-03 -0.1537382885621653E-01 -0.5199381930848524E-03  0.2047480151789822E-04
   98   0.1849176950400981E+01  0.4857939308307954E-03  0.1177082230450123E-03 -0.1005544047849602E-01 -0.7615703664288013E-04 -0.2150667622235600E-04
   99   0.1808918251157864E+01  0.5031625053062557E-03  0.1091474033533049E-03 -0.1326386414629725E-01 -0.3420557413969003E-04  0.1237601908891651E-04
  100   0.1453759424128458E+01  0.5464435591579463E-03  0.1193272937843930E-03 -0.1237509848753640E-01  0.2650853404776883E-03 -0.3583471214707472E-04
  101   0.1761523791168929E+01  0.6581822795883560E-03  0.1091374171272319E-03 -0.1782722792254338E-01  0.4743813440882853E-03  0.2789277070091791E-05
  102   0.1597810851646395E+01  0.6015895912886275E-03  0.1121853020623485E-03 -0.1417725375538981E-01 -0.1361279737099235E-02  0.5204480344325431E-04
  103   0.1641761823573029E+01  0.6284983282032389E-03  0.8935044546369207E-04 -0.1419918623173503E-01 -0.7357855349423356E-03  0.2352748901513386E-04
  104   0.1599888454015840E+01  0.5915700679914050E-03  0.1120690257978014E-03 -0.1315603689955103E-01 -0.1024795737210536E-03 -0.3987774726297904E-05
  105   0.1752063494674545E+01  0.6442375090922998E-03  0.8345630527560854E-04 -0.1741132256071543E-01 -0.5570059038899439E-03  0.5907194713629588E-05
  106   0.1401552923405321E+01  0.5221032261139499E-03  0.1090717408788011E-03 -0.1189054989728273E-01  0.5001604795551255E-05 -0.1509932237326777E-04
  107   0.1605417676045889E+01  0.5750203846861234E-03  0.1051602179656869E-03 -0.1715848603498587E-01  0.6689467881061045E-03 -0.2249699237636936E-04
  108   0.1189222067492324E+01  0.4352048466407522E-03  0.8671945186240910E-04 -0.1029187849241944E-01 -0.2755154310036101E-03  0.1672009233324719E-04
  109   0.1784062966295415E+01  0.6083689760922855E-03  0.1048328530602151E-03 -0.1912984967829013E-01  0.1198291740912960E-02 -0.2270871865408062E-04
  110   0.1813716092086710E+01  0.6492826983264823E-03  0.9483824696940939E-04 -0.1884890968895018E-01  0.1061895295980898E-02 -0.1886002896180139E-05
  111   0.1415215915931105E+01  0.6246716456280858E-03  0.1074221091618184E-03 -0.1670341604331826E-01 -0.2380559350499978E-03  0.1459109146397663E-04
  112   0.1463228089834079E+01  0.6288948538556919E-03  0.9785127506533966E-04 -0.1839107406268287E-01  0.1639187250469115E-03  0.2935717345417232E-05
  113   0.1614833458449138E+01  0.5627298641931003E-03  0.9558803584484258E-04 -0.1424475975697431E-01  0.1764354756356771E-02 -0.1339530740575101E-04
  114   0.1506167116381908E+01  0.6141779409097161E-03  0.1064278189079344E-03 -0.1740256743750300E-01 -0.4678023195965250E-03  0.3505328423226388E-04
  115   0.1501659720128114E+01  0.5597106409739523E-03  0.1311830731442778E-03 -0.1493877421668777E-01  0.1484296160818851E-02 -0.2088118209520691E-04
  116   0.1463319215582668E+01  0.4935801969543489E-03  0.1016850930367916E-03 -0.1600328985070244E-01 -0.2109518592995487E-03  0.1892284403921706E-04
  117   0.1384197603017379E+01  0.5450278665076378E-03  0.1059828502186232E-03 -0.1433734602418433E-01  0.8068331379317811E-03 -0.8863703356346481E-05
  118   0.1242901377084547E+01  0.5704460935919096E-03  0.1127489774263833E-03 -0.1420550589707836E-01 -0.2008139663317143E-03  0.1696033687896998E-04
  119   0.1500437717583218E+01  0.5752669454139984E-03  0.1009077805153673E-03 -0.1494709343736969E-01 -0.1165772142547233E-02  0.1076347985030900E-04
  120   0.1468381734689242E+01  0.5228725802343315E-03  0.1005880146762938E-03 -0.1740642509181161E-01 -0.7441140618808849E-03  0.1479836586046358E-04
  121   0.1349758134872003E+01  0.5619476727057590E-03  0.9801892442958125E-04 -0.1696868422070578E-01 -0.3256185172285619E-03 -0.3365091307171600E-05
  122   0.1270873699772851E+01  0.4818112080222214E-03  0.7725324061951757E-04 -0.1417534466669586E-01  0.1659950870347588E-03 -0.5740648687269313E-05
  123   0.1441928113139556E+01  0.5017893832217859E-03  0.9756408983930530E-04 -0.1541840615420116E-01 -0.1383955266611451E-02  0.6274907068919107E-05
  124   0.1408626025038414E+01  0.4553126569971816E-03  0.1205198074212120E-03 -0.1392781179104245E-01  0.2885906067096001E-03  0.3676963614358963E-05
  125   0.1330193865610229E+01  0.4311927235793238E-03  0.1003781052453262E-03 -0.1063311088913678E-01 -0.7309477098302821E-03 -0.4440275465021807E-05
  126   0.1343902584001245E+01  0.4579812001325994E-03  0.1128243717085007E-03 -0.1319974792412881E-01  0.7723229310007254E-03 -0.1152504902649138E-04
  127   0.1632606438850138E+01  0.5786829543866998E-03  0.1069662838466278E-03 -0.1989032945911260E-01  0.2068212927788708E-02 -0.2010320090914064E-04
  128   0.1363652596168956E+01  0.4778908608103999E-03  0.1013703142191014E-03 -0.1419396520841756E-01  0.9530528684768167E-03  0.7310431320555465E-06
  129   0.1420996641767464E+01  0.4998569016639150E-03  0.1043413021232153E-03 -0.1485773108458056E-01 -0.5311228787159351E-03  0.9580479629619526E-05
  130   0.1361150688655983E+01  0.4295253584090998E-03  0.1064061463972470E-03 -0.1374161404839730E-01 -0.3748524590899265E-03  0.2852539332602385E-05
  131   0.1535788094009733E+01  0.4473038292106938E-03  0.1055501169281390E-03 -0.1562050307754255E-01  0.2892229760265135E-03 -0.1619014759667376E-04
  132   0.1273010161796864E+01  0.4257811005953926E-03  0.1011617687346815E-03 -0.1296180002877114E-01 -0.7016157559418743E-03  0.1347795690316468E-04
  133   0.1586181769153851E+01  0.5506584175473370E-03  0.1272421106614950E-03 -0.1761095346709604E-01  0.7976691358726015E-05 -0.1845211583215100E-04
  134   0.1243395725441334E+01  0.4120562281317091E-03  0.1068454711022856E-03 -0.1301551812531105E-01  0.3323112668321687E-03 -0.8609310434093814E-05
  135   0.1096529968685950E+01  0.4720521087104973E-03  0.1167302795549392E-03 -0.1446372744620036E-01  0.8105861955532450E-03 -0.7240768736908496E-05
  136   0.1254194260936789E+01  0.4502250174946857E-03  0.1066204283388140E-03 -0.1332858193446517E-01 -0.5092106529714504E-03 -0.3657660350721372E-05
  137   0.1193316010232647E+01  0.4867975571610587E-03  0.1123408725090841E-03 -0.1315540466557795E-01  0.2734418679563710E-03 -0.2860194676797475E-05
  138   0.1313887615174508E+01  0.4597912864014905E-03  0.1065753162591514E-03 -0.1476049025726212E-01  0.3616550272846193E-03  0.7168643568503145E-05
  139   0.1395561429621196E+01  0.4429180710016124E-03  0.9979733331680755E-04 -0.1388154511660396E-01  0.1500377867133047E-03 -0.9188355687459590E-07
  140   0.1363680836299829E+01  0.4723327828145937E-03  0.1015796910851818E-03 -0.1578606845236542E-01 -0.4311772816168494E-03  0.4436682162461080E-05
  141   0.1445616346078205E+01  0.4957304589087786E-03  0.1108903546682961E-03 -0.1617663857097804E-01 -0.1002148092033576E-03  0.1610267703673706E-05
  142   0.1244945850069364E+01  0.4455348964815233E-03  0.1011941198214218E-03 -0.1361841587449844E-01  0.7096557409060071E-03  0.8476571223200022E-05
  143   0.1383941426398993E+01  0.4867014688490157E-03  0.1098757130782557E-03 -0.1453843118415673E-01 -0.6039337909258315E-03 -0.7025403911300779E-05
  144   0.1299441289967959E+01  0.4068628307477071E-03  0.1126284346874441E-03 -0.1376152518647602E-01 -0.6696838393842047E-03  0.5914891466948388E-05
  145   0.1312636529330664E+01  0.4574890843147878E-03  0.1115761532714638E-03 -0.1413286897580410E-01 -0.1016348932016213E-02  0.1415257860508989E-04
  146   0.1098150033055044E+01  0.4059210475547049E-03  0.1031355064356592E-03 -0.1149451914032354E-01 -0.1010407877893902E-02  0.1161747468367387E-04
  147   0.1424936783393298E+01  0.3697219483960891E-03  0.1186490793332480E-03 -0.1250498659344616E-01 -0.1591686409757383E-02  0.1490171114677439E-04
  148   0.1089853767538287E+01  0.3943847543100854E-03  0.1017677851472180E-03 -0.1147629594225095E-01  0.3254673582164553E-03  0.1270502861538801E-04
  149   0.9674246070683815E+00  0.3839923890177971E-03  0.9313379310803802E-04 -0.8934460330819424E-02  0.7408197611381079E-03  0.1227574046928950E-04
  150   0.1233592786232223E+01  0.4045611401988639E-03  0.1132135173385591E-03 -0.1310996214836994E-01 -0.1362962346980917E-02  0.2934651763290052E-04
  151   0.1021145381830818E+01  0.3836158750665335E-03  0.1067814595041243E-03 -0.9477669791388633E-02  0.4396887049099310E-03  0.1543003030250386E-05
  152   0.1064127232839449E+01  0.3691483152011127E-03  0.9842757992810742E-04 -0.1090528971965610E-01 -0.5102331100388059E-03  0.6601843870889636E-05
  153   0.1288575877062917E+01  0.3578012992398717E-03  0.8392850881903046E-04 -0.1364028709485402E-01  0.2358474293163177E-03 -0.8347306260169802E-06
  154   0.1198715406434789E+01  0.3607103126148085E-03  0.9811031483364454E-04 -0.1255594816362924E-01  0.3284217536008392E-03 -0.5273779112321962E-05
  155   0.1257956870384101E+01  0.3831348002213808E-03  0.1054413143474003E-03 -0.1174439030077784E-01  0.1409506180687984E-03  0.5439516690971577E-05
  156   0.1189746894577106E+01  0.4186566647542626E-03  0.9678012353082540E-04 -0.1194787815907015E-01 -0.1577437526463591E-02  0.1210354639530032E-04
  157   0.1202046297477804E+01  0.4015741572213960E-03  0.9809633082821230E-04 -0.1382227433577794E-01 -0.5169154498268711E-03  0.5964052111472504E-05
  158   0.1076153332481056E+01  0.3262502965784052E-03  0.1106388856942820E-03 -0.9330141080966000E-02 -0.2119869966831173E-03 -0.7868515381904847E-06
  159   0.1071858578030250E+01  0.3136894213930125E-03  0.9860115377115449E-04 -0.1027507713155652E-01  0.6242572073525280E-03 -0.2396575275866792E-04
  160   0.1322542452454291E+01  0.3560218742458581E-03  0.1011486669746903E-03 -0.1268020523567399E-01  0.1272088114212941E-02 -0.9967014759963864E-05
  161   0.1145043844445122E+01  0.3633258108204733E-03  0.9169358728564968E-04 -0.1118675701795582E-01  0.8120949484979056E-03 -0.1924341671098713E-04
  162   0.1075419840553528E+01  0.3197476093574746E-03  0.1081841252282608E-03 -0.9048499807911680E-02 -0.2128584592588096E-03  0.1696305301533822E-04
  163   0.1314834803867979E+01  0.3375977948548827E-03  0.1029037451138708E-03 -0.1313206288626857E-01  0.3189342034061741E-03 -0.1826390917936546E-07
  164   0.1071557031497951E+01  0.3201894199585356E-03  0.1028890959693456E-03 -0.9760188103599672E-02 -0.2596636198720073E-04  0.2352966672968780E-05
  165   0.1177870024017949E+01  0.3182642385715062E-03  0.1075924281520715E-03 -0.1060674642921658E-01 -0.2714605606763976E-03  0.4818837048818844E-05
  166   0.1072049176411135E+01  0.3429066289952559E-03  0.1083580658995779E-03 -0.1024572885608431E-01 -0.2995616947281453E-03  0.1053652335386712E-04
  167   0.1233628476621599E+01  0.2839560256170925E-03  0.1088585354479203E-03 -0.9786971470363672E-02  0.4955839867982587E-03 -0.5396428765303811E-06
  168   0.1090644406620726E+01  0.2834902595603723E-03  0.1033707433415654E-03 -0.8255295130878994E-02 -0.8450657891719139E-03  0.4647830266063900E-05
  169   0.1053038005891107E+01  0.3229422434038779E-03  0.9041317043750867E-04 -0.9750988790155448E-02  0.1243186564746635E-02 -0.7969903372993701E-05
  170   0.1009692533161943E+01  0.2922717492029303E-03  0.1041446149687007E-03 -0.8443005200706753E-02 -0.5501893746045203E-03  0.6565229387869833E-05
  171   0.1004936732949180E+01  0.2406251546794579E-03  0.1034784849134308E-03 -0.6628344356741498E-02  0.5444227740018985E-03 -0.5888100377565340E-05
  172   0.1050362488944162E+01  0.2648437021871814E-03  0.1054555355050936E-03 -0.7832122816395814E-02 -0.6316629536171002E-03  0.1398134285929426E-04
  173   0.1035581427277655E+01  0.2793350209544593E-03  0.1084886886284422E-03 -0.7827962600591253E-02 -0.4334158417790780E-03 -0.3217426849987422E-05
  174   0.1269267995922234E+01  0.2552027935700477E-03  0.1051739385404421E-03 -0.9180599234380183E-02 -0.5509598032544009E-03  0.2616340994105070E-04
  175   0.1160322317857202E+01  0.2798970802025888E-03  0.9731323993466123E-04 -0.9011606925883577E-02  0.5415815394566772E-04  0.6081872151784151E-05
  176   0.1024625268470667E+01  0.2596389158945838E-03  0.9642079355162075E-04 -0.7657124840310709E-02 -0.6192248965566073E-03 -0.5410957775534774E-05
  177   0.1000799591005903E+01  0.2407288785667796E-03  0.1047236184994123E-03 -0.7031760618912566E-02  0.7141436452819968E-03  0.3388742503456584E-06
  178   0.1061653181646202E+01  0.2862017645712236E-03  0.1044956242136828E-03 -0.7990848118810708E-02 -0.3541044377784320E-03 -0.9695775835418795E-05
  179   0.1021765476107992E+01  0.2549882599696832E-03  0.1073625216974714E-03 -0.6686622450067761E-02 -0.4118633919101283E-03  0.8852884342677373E-05
  180   0.1056127507986418E+01  0.2561673805382935E-03  0.9850059788675968E-04 -0.7061179325050388E-02  0.6111032691901884E-03 -0.7048638044543736E-05
  181   0.9333092795599400E+00  0.2394357901384574E-03  0.1078763421103358E-03 -0.4859071365464863E-02 -0.8438364711602669E-04 -0.9863502765318622E-05
  182   0.8422887526986019E+00  0.2512956097117228E-03  0.9999180143998110E-04 -0.6240025687258191E-02  0.4414921749327349E-03 -0.3616454216565555E-05
  183   0.1169299005503367E+01  0.2540947786894322E-03  0.9781090836701786E-04 -0.7080361342925268E-02  0.7072916284530574E-04  0.1026113955164631E-04
  184   0.9510531406584485E+00  0.2363160839056258E-03  0.1172773074891266E-03 -0.4885936837418866E-02  0.1360596293128916E-02 -0.4306469328929696E-05
  185   0.1003026304757881E+01  0.2515658026472879E-03  0.1091544447467378E-03 -0.6057835009965452E-02 -0.6937268637578050E-03  0.9097316262374495E-05
  186   0.9233987505372514E+00  0.2273136105763591E-03  0.8993449957593061E-04 -0.4303677307697700E-02 -0.3318165317450199E-03  0.7140995925099016E-05
  187   0.9660730746014665E+00  0.2266317515577644E-03  0.8880027241045432E-04 -0.4550142098658384E-02 -0.1124472798263529E-03  0.5595745902213232E-05
  188   0.8490626305673816E+00  0.2032812977456961E-03  0.1073627792040361E-03 -0.4179223438921982E-02  0.4277080580415102E-03  0.5691579882632257E-05
  189   0.8969709769643520E+00  0.2373996433715605E-03  0.9618676707621639E-04 -0.3688098972985852E-02  0.4248272147203836E-03 -0.4938155918591855E-06
  190   0.9438129965712599E+00  0.2204160759427190E-03  0.9617985545986172E-04 -0.5337847599482730E-02 -0.3094458353435730E-03 -0.3672689605849252E-05
  191   0.1053519796857863E+01  0.2543019318699684E-03  0.1088325754732747E-03 -0.5022359376870304E-02 -0.6861681016999060E-03  0.3371886574377614E-05
  192   0.9887469541771908E+00  0.2292180987206494E-03  0.1125507456907237E-03 -0.3636951583061207E-02  0.1422107247778914E-02 -0.1730208303245362E-04
  193   0.9249713073322832E+00  0.2206002779065532E-03  0.1149020931421323E-03 -0.2906845441221613E-02 -0.3672330919287287E-03  0.9885982046559570E-05
  194   0.9099298653490514E+00  0.2060363501148251E-03  0.1023993837123225E-03 -0.2696880696127640E-02  0.3502685826497563E-03 -0.1641010900432661E-04
  195   0.8731995162050833E+00  0.1966980527830064E-03  0.1002524481536013E-03 -0.1808027935950931E-02  0.3614114863215131E-03 -0.8622902417036459E-05
  196   0.8401182624002365E+00  0.2122647268014931E-03  0.9785049561767978E-04 -0.2192852273776285E-02 -0.1205034682149629E-03 -0.7379903085178616E-05
  197   0.8891478744307284E+00  0.2086529991082260E-03  0.9998400331583231E-04 -0.3350201002215878E-02  0.6845704629286374E-03  0.1612045196766143E-05
  198   0.8431836637717349E+00  0.2211495842263486E-03  0.1009931456556585E-03 -0.3060140526062559E-02  0.5757059053855557E-03 -0.1590704823724665E-04
  199   0.8118079802717824E+00  0.1905191918636585E-03  0.1049113211153327E-03 -0.2833585433083504E-02  0.1201691517166434E-02  0.6960594031428827E-05
  200   0.9290047173177932E+00  0.2073105460429964E-03  0.1040941565379886E-03 -0.3507317893526613E-03 -0.6836346999504575E-03 -0.6455714657081335E-05
  201   0.8826810593662378E+00  0.2252611877486402E-03  0.1137771732748777E-03 -0.1218114356082485E-02 -0.2954925282309657E-03  0.8322748000837404E-05
  202   0.7802031858376326E+00  0.2122231252501396E-03  0.1070750103019387E-03 -0.1471388658347292E-02  0.5998039973266911E-03  0.1681281613146788E-06
  203   0.8903230976014044E+00  0.2070478293978076E-03  0.1188564064504249E-03 -0.1381636395524114E-02  0.1258838588444197E-03  0.3681899497838959E-05
  204   0.8616677611297663E+00  0.1893082894081487E-03  0.1060756722045436E-03 -0.8381946988069815E-03  0.2807141676212378E-03  0.8090286489297765E-05
  205   0.8817276722266294E+00  0.2106158680849218E-03  0.9450374294549709E-04 -0.8561102680189761E-03 -0.2664300359168042E-04  0.6901195570760845E-05
  206   0.8020376154174177E+00  0.2085708134165676E-03  0.1017840529433321E-03 -0.1173364480414735E-02 -0.1171197284434513E-03  0.7277930845184360E-06
  207   0.8294679511709214E+00  0.2184229234815457E-03  0.9367205785531435E-04  0.5786518736171538E-03 -0.2666853052771809E-03  0.6790515947752599E-05
  208   0.7862265405450545E+00  0.2332235562673755E-03  0.1076133902394543E-03 -0.2653327546778263E-03 -0.1079867369433256E-02 -0.2344417934066740E-05
  209   0.7590170996098003E+00  0.1903187960347911E-03  0.1025311087152120E-03 -0.2019428398777776E-03 -0.3317572966161063E-03  0.3729780038629872E-05
  210   0.7376094179909145E+00  0.1905820736924042E-03  0.1144821809094821E-03 -0.1357518759718769E-03  0.4691740144513459E-03  0.8219626402778870E-05
  211   0.8572521241571147E+00  0.2059076934248391E-03  0.9617316376364898E-04  0.4950275637122292E-04  0.7426240942680945E-03  0.3109925386461924E-05
  212   0.7318282324697020E+00  0.1942218777764409E-03  0.1047493639781177E-03  0.2525145258201422E-03  0.2284962152901176E-03  0.4653539682238598E-05
  213   0.8437063187000474E+00  0.2076463109586032E-03  0.1069716419829938E-03  0.1074373434638663E-02  0.1446129244937766E-03 -0.4180074821392170E-05
  214   0.7339798015550560E+00  0.2242984821101072E-03  0.9237820904035973E-04  0.1058966010163919E-02 -0.1877566264581268E-04 -0.5159017485741771E-05
  215   0.8191674394726528E+00  0.2281870641400574E-03  0.1093941129789564E-03  0.1684516089147302E-02  0.1441328924009843E-03 -0.5551700961034137E-06
  216   0.7347165762702447E+00  0.2140805417917267E-03  0.1030361676003106E-03  0.1325099265296129E-02  0.3125808433566819E-04 -0.2559618766228151E-05
  217   0.7731262454928930E+00  0.2017198688598291E-03  0.1028280323465659E-03  0.1710065566489789E-02  0.1209683204229562E-04 -0.9790355953274896E-05
  218   0.7250970240116137E+00  0.2220500854146100E-03  0.9092021649311805E-04  0.1452136983063126E-02 -0.7756002621507536E-03  0.1320663561771913E-05
  219   0.7738436468914722E+00  0.2045608270377995E-03  0.1015778475541333E-03  0.1826355390444693E-02 -0.7172662059117843E-03 -0.2300569183595652E-05
  220   0.7487456934798353E+00  0.2347596594788065E-03  0.1001692050544103E-03  0.2065901838872880E-02  0.1614782500174216E-03 -0.6763387046747792E-05
  221   0.7020246610436768E+00  0.2051101460427245E-03  0.1071570187504516E-03  0.2159205932292439E-02 -0.2373894469539405E-03 -0.7988040209675491E-05
  222   0.7448652363029629E+00  0.2237161584879856E-03  0.1079765687518218E-03  0.2385788976756109E-02  0.4823807391018333E-03  0.3574491299805482E-05
  223   0.7127223910836288E+00  0.2149271872950196E-03  0.9676713615850306E-04  0.2265159338714361E-02 -0.1380025099680910E-05 -0.1255860705768869E-05
  224   0.7239599167166720E+00  0.2377715149439500E-03  0.1127507643366701E-03  0.3198282611725560E-02  0.2581498522848614E-03 -0.5844578987995494E-05
  225   0.7036391207923491E+00  0.2359481748229514E-03  0.9756262081253675E-04  0.4029522270338635E-02  0.3877488075817699E-03  0.3026832531885025E-05
  226   0.6357904104685532E+00  0.2334108081067649E-03  0.1006548481257777E-03  0.2567003615051717E-02 -0.6237233590609476E-04  0.9603212777067315E-05
  227   0.6380971256910357E+00  0.2213821597499314E-03  0.9996512522597669E-04  0.3365373072340590E-02  0.1858355011393586E-03  0.1326012893903585E-05
  228   0.6164485065626056E+00  0.2529796515832571E-03  0.1035609825740565E-03  0.3851539477305060E-02  0.1179428712848177E-03  0.2582908209962693E-05
  229   0.5405921653278265E+00  0.2675767350280612E-03  0.1049371169023152E-03  0.3362632763593339E-02 -0.1514173606460294E-03 -0.5588097444359213E-05
  230   0.6243323264855556E+00  0.2256544070934982E-03  0.9399955636096017E-04  0.2758360171938086E-02  0.7260461928510066E-05 -0.8001868797951001E-05
  231   0.6493684227672794E+00  0.2517238217666843E-03  0.1141726657227660E-03  0.3147449684773468E-02 -0.4942224577951285E-03  0.4871119796082588E-05
  232   0.7163442407610139E+00  0.2468711811183958E-03  0.9006488538784107E-04  0.4255587565390026E-02 -0.7428300157905949E-04 -0.8243774440053516E-05
  233   0.6013484053427498E+00  0.2630589557581737E-03  0.1038939246537026E-03  0.3823346753849658E-02 -0.6721052180101043E-03 -0.9646628695432039E-06
  234   0.6486129831498428E+00  0.2604593119009918E-03  0.1009599088761716E-03  0.4603056579132922E-02  0.1542917850332753E-03 -0.6925997698677395E-05
  235   0.5924963983042123E+00  0.2772803889096852E-03  0.9985793786622103E-04  0.5065251987412542E-02 -0.2699924983526018E-03  0.4556657450931039E-07
  236   0.7138158822138609E+00  0.2714786648406944E-03  0.9444147436252535E-04  0.6579250344615445E-02 -0.5022892624206830E-04 -0.4018961027697722E-05
  237   0.5621097572727305E+00  0.2660918859394488E-03  0.1076007963831559E-03  0.3980629664534643E-02 -0.1471124549519022E-03 -0.4477178806638175E-05
  238   0.5746229559847597E+00  0.2378955543385091E-03  0.1036852236270782E-03  0.3635613919611110E-02  0.1418690829975153E-03  0.4339216100428603E-05
  239   0.5947525847932716E+00  0.2866170718745414E-03  0.1086848025311727E-03  0.4909063569683117E-02 -0.4096030635246822E-03  0.5692650597020921E-06
  240   0.5617911425773168E+00  0.2969092360824647E-03  0.1037681644753702E-03  0.5269335653694990E-02  0.5281019717525365E-03  0.7948492200870751E-05
  241   0.6109890440441779E+00  0.3186150529622877E-03  0.1039689962433028E-03  0.5960348643651748E-02 -0.3491030938796369E-03 -0.2950940598271686E-05
  242   0.5967927525490120E+00  0.2924767215427544E-03  0.1031890430117170E-03  0.5995220250595858E-02  0.1862902514162649E-03 -0.1306989616154618E-04
  243   0.5694603684996864E+00  0.3077775569132145E-03  0.1036828050451327E-03  0.5023330311462158E-02 -0.3669199110347783E-03 -0.3756384935319898E-05
  244   0.5495005460551429E+00  0.2949000536008096E-03  0.1074806842440936E-03  0.5124049895394873E-02 -0.1580266726212183E-03  0.8980754149511413E-05
  245   0.5989714000776606E+00  0.3047989419894674E-03  0.1031644798718412E-03  0.6745977631892150E-02  0.2685977092126382E-04 -0.1761996429610350E-04
  246   0.5142107247899614E+00  0.3250019499514215E-03  0.9646389577007289E-04  0.6327799017940213E-02 -0.4282316352692625E-03 -0.7589807691862262E-05
  247   0.5936928212002637E+00  0.3429375521931001E-03  0.9836244510333806E-04  0.6685296810648354E-02  0.5941925635285052E-04  0.4893529638340854E-05
  248   0.5335738114467373E+00  0.3492694165051964E-03  0.1082503645601427E-03  0.6721442484688728E-02 -0.3952940764374184E-03 -0.8128367840084864E-05
  249   0.5215660421583977E+00  0.3252422175629747E-03  0.9112084023997815E-04  0.5991406153921768E-02 -0.5305127817207685E-04 -0.5184937876784801E-05
  250   0.5690170905466269E+00  0.3369989059299626E-03  0.9649538739320325E-04  0.6810196458131494E-02  0.1181498875562351E-04  0.4286089937115350E-05
  251   0.5962006003519773E+00  0.3546584811675941E-03  0.1050953712929398E-03  0.7548172133864587E-02 -0.2249184284470662E-03 -0.4739510364690944E-05
  252   0.5171031132743251E+00  0.3000582422824354E-03  0.1076161328823796E-03  0.6777646372414346E-02  0.9747085657769714E-03  0.1120009657784820E-04
  253   0.5116738047209437E+00  0.3680142897506154E-03  0.9720644513806309E-04  0.7309374327339717E-02  0.3449965367822674E-03 -0.1436161022937733E-05
  254   0.4476264787576090E+00  0.3967154638468304E-03  0.9811112436299616E-04  0.5901538168909706E-02  0.3534127855538596E-03  0.1473510574124098E-05
  255   0.4754935162877867E+00  0.3863322557872714E-03  0.1050883007441147E-03  0.6958900444707653E-02  0.1849367249730053E-04  0.6174156119878588E-05
  256   0.4840630854465878E+00  0.3819963989265662E-03  0.1059939705334566E-03  0.7401944977201163E-02  0.1333897642967330E-03 -0.2076934006322938E-05
  257   0.4403388700882366E+00  0.3966479508215631E-03  0.1019906636368680E-03  0.5995170686471023E-02  0.2857828842314181E-03  0.2520104267409947E-06
  258   0.4942121609008406E+00  0.4367939843220837E-03  0.1198891458032510E-03  0.7272817596024301E-02 -0.2212398239048691E-04  0.6044094902858375E-06
  259   0.5292755042316269E+00  0.4341420527050245E-03  0.9832783590437027E-04  0.8037641318331042E-02  0.8339459764522730E-04  0.5038145960107571E-05
  260   0.4957390652228236E+00  0.4268016873758478E-03  0.1041596750934219E-03  0.7920493442980943E-02  0.5616461125321587E-03  0.6488539909585308E-05
  261   0.5348638816737467E+00  0.4294459453371859E-03  0.1098551437017424E-03  0.8108764922512678E-02 -0.2140114459451303E-03  0.1681546234618430E-05
  262   0.4313935741224912E+00  0.4084230845895769E-03  0.9692797848131464E-04  0.6262042959366432E-02  0.1698070051999489E-03 -0.5870557615350177E-05
  263   0.4254107769693163E+00  0.3729133207856111E-03  0.1067898879550875E-03  0.7497742484637876E-02  0.7027521883010323E-03  0.2833026139708232E-04
  264   0.4392918181436256E+00  0.4626761921106683E-03  0.1110641829038314E-03  0.7572857851816962E-02  0.8471136195411755E-04 -0.3022130512468464E-07
  265   0.4206683058482158E+00  0.3996174029215372E-03  0.1116586548720403E-03  0.6439348797586294E-02 -0.2146907620247381E-03 -0.7809911900387571E-05
  266   0.4835728737228802E+00  0.4633395349302817E-03  0.1185511855319982E-03  0.8338281761810786E-02  0.5301921897909320E-04 -0.9029727504356329E-05
  267   0.4408913977073317E+00  0.4423943043230542E-03  0.1070286120127925E-03  0.7440430035253536E-02 -0.3104195655597556E-03 -0.3059385723037464E-05
  268   0.4215509491528976E+00  0.5035549359025504E-03  0.9933384508375374E-04  0.7832823226305855E-02  0.1042193048209827E-03  0.6251307393263909E-05
  269   0.4930245563838251E+00  0.5133209730112507E-03  0.9997535732539691E-04  0.9809882179424797E-02 -0.2249994660987144E-03 -0.1012797507248819E-04
  270   0.4306123951808153E+00  0.5434937256058334E-03  0.9386673959272205E-04  0.8581518955721717E-02 -0.4085570816144955E-04  0.1267409144526610E-04
  271   0.4222782224246084E+00  0.5203180129700744E-03  0.1088410578192963E-03  0.8302802477202815E-02 -0.1123041029111127E-03 -0.9288891454571551E-05
  272   0.3913973475336171E+00  0.4806530697952339E-03  0.1075359268515843E-03  0.7368492339791585E-02 -0.9281161027702029E-04 -0.9780456352663239E-06
  273   0.4012583571756280E+00  0.5023351948980494E-03  0.1178246922856684E-03  0.7749934363793455E-02  0.2491765759600254E-03  0.1081396427908099E-04
  274   0.4155860275435591E+00  0.5444198739169462E-03  0.1008176264631231E-03  0.9064623011902861E-02  0.2750911738138669E-03 -0.2035133124424954E-05
  275   0.3821387873514094E+00  0.5020875253242522E-03  0.1065709158374206E-03  0.7818964650914039E-02 -0.7278307377188316E-04  0.3652236128998160E-05
  276   0.4094709179852877E+00  0.5714194708713624E-03  0.1062549302753319E-03  0.8344331525235839E-02  0.2259210846651391E-03 -0.2924402582618612E-05
  277   0.3649526134146666E+00  0.5255637689924927E-03  0.1120718143024151E-03  0.7845861312929860E-02  0.2393326358273488E-03  0.6765158162833674E-05
  278   0.3399595930367863E+00  0.5191016075844343E-03  0.1053761212527735E-03  0.7849327524924775E-02  0.4983926532467661E-03  0.4327026804152259E-05
  279   0.3624490095085157E+00  0.6047696301393617E-03  0.1004624320571391E-03  0.8519049980200982E-02  0.1658421164945667E-03  0.6954893254718177E-06
  280   0.3654686197041322E+00  0.5681155734115271E-03  0.9558485240025097E-04  0.7655754897570218E-02 -0.2708755625578835E-03  0.4512366984031732E-05
  281   0.3295046612298625E+00  0.5422068171978333E-03  0.9973056750994158E-04  0.6874653010106089E-02 -0.1208626780750179E-03 -0.9797482523072301E-06
  282   0.3570621112795442E+00  0.6156337575345735E-03  0.9091384046440071E-04  0.8830929959310235E-02 -0.1477939615455349E-03  0.3804313088836846E-05
  283   0.4029881538474953E+00  0.6909043316330154E-03  0.9126964955145007E-04  0.9440500360297074E-02 -0.2925142377171992E-03 -0.7212885098104416E-05
  284   0.3198262444769145E+00  0.6141776685760143E-03  0.9568135047620964E-04  0.7690897586558929E-02  0.1601133629237711E-03 -0.3342426360095575E-05
  285   0.3204995680495224E+00  0.5928653650903858E-03  0.1084237509757770E-03  0.7888601208978533E-02  0.7060191535854994E-04  0.1155827902486613E-04
  286   0.3063808649420323E+00  0.6461201951700113E-03  0.1022041841278737E-03  0.7962523887542582E-02  0.4540283259691215E-03 -0.5453825154126001E-05
  287   0.3238144047477329E+00  0.6540357596483664E-03  0.1002186795601166E-03  0.8304067283367647E-02  0.3435129970016939E-03  0.9033497780128977E-05
  288   0.3276119696444930E+00  0.6947337126903105E-03  0.1041324215584187E-03  0.9455331794377240E-02 -0.1330935164119573E-03  0.4806190583069287E-05
  289   0.2956315245777659E+00  0.5723504602794359E-03  0.9808109874729169E-04  0.7212801650834805E-02  0.2521436344013399E-03  0.1083322861644803E-04
  290   0.3210381693152295E+00  0.6599819721287534E-03  0.9754162579584339E-04  0.8644688823830189E-02 -0.3023346525663613E-03 -0.1524031311554009E-04
  291   0.3184467444551155E+00  0.7545594514617078E-03  0.1055957559741334E-03  0.8668452833419545E-02  0.2019702508539151E-03 -0.9935621012919248E-06
  292   0.3123746007342638E+00  0.6686000005397884E-03  0.1065236937403900E-03  0.7411756197117641E-02 -0.2231739054280640E-03 -0.2713853674428138E-04
  293   0.3096726158181580E+00  0.6359360105819174E-03  0.9275977062071233E-04  0.8036636711923409E-02 -0.5862473041545682E-04  0.1329064524214994E-04
  294   0.3020025438689787E+00  0.6909726041255682E-03  0.9728907418853059E-04  0.8088559466301142E-02 -0.3270587111426833E-03 -0.5777190094970393E-05
  295   0.2840874580668349E+00  0.7374563579886085E-03  0.9755075788021623E-04  0.8104346158826825E-02 -0.1148577662163476E-03 -0.8225849819175032E-05
  296   0.2826091925630755E+00  0.7771056445285352E-03  0.9207827638413573E-04  0.8866139891634461E-02 -0.1296182142694666E-03 -0.6207003384333838E-05
  297   0.2785613195501527E+00  0.7222658309498293E-03  0.1041178875523012E-03  0.8272660654864910E-02 -0.2923647948190219E-03 -0.2817366868605100E-05
  298   0.2817307263868629E+00  0.7813828889122250E-03  0.1003992262650857E-03  0.8875510217012640E-02 -0.1462815803196463E-03 -0.1152014609009822E-04
  299   0.2895652951140614E+00  0.7555039289252620E-03  0.9667437356011182E-04  0.8723517573609290E-02  0.2205519772787810E-03  0.4145090978919283E-05
  300   0.2993742528350710E+00  0.7306121973270079E-03  0.9932420953840140E-04  0.8631395295923631E-02 -0.1914395010230882E-03 -0.1535109940105645E-07
  301   0.2582989274031174E+00  0.7442308847005002E-03  0.1035593600766020E-03  0.7426043743634655E-02  0.1329420731055034E-03  0.3952409397732770E-05
  302   0.2639826720672295E+00  0.7900173536417120E-03  0.1072157339047212E-03  0.7990977761235077E-02  0.8173517902874612E-04 -0.1601960475707860E-05
  303   0.2681029131601200E+00  0.6899291832673457E-03  0.9759532604928827E-04  0.7476760873012234E-02 -0.1400901822080069E-03 -0.6773751711322083E-05
  304   0.2619029170395731E+00  0.8130398196898529E-03  0.1105695028035661E-03  0.8615950863836605E-02 -0.4034907314594980E-03 -0.1547955264707314E-04
  305   0.2669097908728300E+00  0.7690990240364876E-03  0.1044439820733233E-03  0.7767367731921446E-02 -0.1731761568548450E-03 -0.9376815720458091E-05
  306   0.2471015292905450E+00  0.7094416729799310E-03  0.1026118098618752E-03  0.7279514819877516E-02 -0.1124210051056513E-03 -0.1551779371781194E-04
  307   0.2347296131189798E+00  0.7349762351012213E-03  0.9695300081119626E-04  0.6895600435963638E-02 -0.2444771500558129E-03 -0.6709647373715094E-05
  308   0.2098842503333089E+00  0.7898258642355943E-03  0.9850113148448119E-04  0.6953057280208791E-02 -0.8259825472047353E-04 -0.3989899211857164E-05
  309   0.2430399043419799E+00  0.7978842689125556E-03  0.1025385998685373E-03  0.7196675078418296E-02 -0.1349295234216388E-03 -0.1276164150467790E-04
  310   0.2272998620116727E+00  0.8979690145552457E-03  0.9563636988932097E-04  0.8144297114173278E-02 -0.2219578341430590E-03 -0.5294223817003046E-05
  311   0.2230109591619844E+00  0.8397627910893149E-03  0.1016633841680484E-03  0.7145156472762094E-02  0.3323167272688814E-03  0.1008159198889802E-04
  312   0.2291360208341593E+00  0.8046754481562171E-03  0.1013387238566334E-03  0.7611550394099012E-02  0.2320193204144035E-04  0.8711558314860300E-05
  313   0.2266089979812621E+00  0.8476909928148476E-03  0.1020757486833523E-03  0.7135801514434874E-02  0.1675689166011621E-03 -0.2026154484397460E-05
  314   0.2281998864824932E+00  0.9405185159721888E-03  0.9772023476076949E-04  0.8272672084595752E-02  0.1282356736535196E-03 -0.4470173784557956E-05
  315   0.2167551219755834E+00  0.8399742988567752E-03  0.1111628310979160E-03  0.7252327013698977E-02  0.4389142365479741E-03  0.1888050995597995E-04
  316   0.2238445982738015E+00  0.8887800798661170E-03  0.1015475313940539E-03  0.7066699313553324E-02 -0.1022447611404576E-03  0.2434406616402812E-05
  317   0.2095320663094281E+00  0.8684686634173660E-03  0.1060685254322903E-03  0.6686876481178341E-02  0.3664747643791689E-04 -0.4319823926672764E-05
  318   0.2024768174332940E+00  0.8530764118278603E-03  0.9438400613152910E-04  0.7026341058848918E-02 -0.2731122368821378E-03 -0.2317365732003192E-04
  319   0.2078769310192027E+00  0.8419553513163980E-03  0.9479834292185427E-04  0.6399604716096669E-02  0.4611519632469368E-04 -0.7291935833926947E-05
  320   0.2242683775307247E+00  0.9061736394619034E-03  0.9786349979397232E-04  0.7595832577175651E-02 -0.2473351224772863E-03 -0.1998776981155524E-04
  321   0.2034990959746845E+00  0.8603767887721549E-03  0.1044077001116735E-03  0.7334369207025462E-02 -0.1668769222980225E-03 -0.8438116964720220E-05
  322   0.1899595317557917E+00  0.8968867296059008E-03  0.1106140660365093E-03  0.6294486613137389E-02 -0.1036753646680129E-03  0.1313836269606263E-05
  323   0.1885991872065601E+00  0.8822038710733989E-03  0.9589206721722407E-04  0.6477185442518987E-02 -0.2330908821692244E-03 -0.1499766783803455E-04
  324   0.1904320497712330E+00  0.9303790518634948E-03  0.1039033638802836E-03  0.6998150847529433E-02  0.2739547085533726E-03  0.5158573954543457E-05
  325   0.1956013099075986E+00  0.9105357459473557E-03  0.1005388525519544E-03  0.7142498519688782E-02  0.2329593349337248E-03 -0.1911360273830287E-05
  326   0.1715507258620435E+00  0.8846998036833756E-03  0.1161093516548422E-03  0.5637179683546257E-02  0.2063537793471070E-03  0.1282000443032064E-04
  327   0.1842777126076719E+00  0.1054533744396834E-02  0.1004096673603025E-03  0.7651331096414871E-02  0.1609475248119983E-03 -0.6125466823089710E-05
  328   0.1710220275213098E+00  0.9463885067900323E-03  0.1013141121137908E-03  0.5988409743854950E-02 -0.1667052436543394E-03  0.7358004867084041E-05
  329   0.1807623231073132E+00  0.9265679081225708E-03  0.1119774935412900E-03  0.6604524055305522E-02  0.2902690014268454E-03  0.1492831961565734E-04
  330   0.1841014605655641E+00  0.9873249816011844E-03  0.1117674832835494E-03  0.6578967077638166E-02 -0.1971525280608309E-03  0.4546012728345545E-05
  331   0.1775831369416636E+00  0.8641492678433103E-03  0.1076294411189339E-03  0.5436690080932421E-02  0.1413217167748172E-03 -0.5436603662694039E-05
  332   0.1697277517718185E+00  0.1051779532291542E-02  0.1020411787607972E-03  0.7223304065115528E-02 -0.2457638938670577E-03 -0.8781977878689154E-05
  333   0.1462890992916225E+00  0.9739268733167353E-03  0.1050075735559308E-03  0.5618425351701504E-02  0.7574063257922360E-04 -0.4249637744020162E-05
  334   0.1693897750108261E+00  0.9333122826767774E-03  0.9101731575618263E-04  0.5954589388340446E-02 -0.1268188019494053E-03 -0.2708345563881980E-05
  335   0.1419996375259228E+00  0.9265595098419536E-03  0.9549331299330333E-04  0.5255495469378467E-02 -0.2605272471957549E-05  0.1132304068110580E-04
  336   0.1463082940321501E+00  0.9477786594378263E-03  0.1038983552471412E-03  0.5529037488440315E-02  0.2186619442538665E-03 -0.4384121427573803E-06
  337   0.1614095105308301E+00  0.9520511086056646E-03  0.1090484230701867E-03  0.5950223503135874E-02 -0.4323314212695603E-04 -0.1092880094767335E-04
  338   0.1414139942331821E+00  0.9043342331057049E-03  0.9233839250245305E-04  0.5036765695332230E-02  0.1072379979752285E-03  0.8401053892729999E-06
  339   0.1477364275791215E+00  0.1063245953183171E-02  0.1082483233924575E-03  0.5982944181774709E-02  0.1558689405940230E-03  0.1030176271540139E-05
  340   0.1414243405629124E+00  0.9476755617993599E-03  0.1091993367804847E-03  0.5078632369756696E-02  0.5271442734645150E-05  0.5489736760357864E-05
  341   0.1501774652295859E+00  0.9466625743188592E-03  0.9334923656147126E-04  0.4708919079190319E-02  0.1415640328769545E-03  0.7131265959014093E-05
  342   0.1460707466943882E+00  0.1079473209409835E-02  0.9917411571154676E-04  0.5623385623140698E-02 -0.3561433936975818E-05 -0.5584033113529068E-05
  343   0.1437958798143507E+00  0.1018872723578986E-02  0.1019790882837813E-03  0.5388464261301862E-02  0.4253538554343285E-04  0.1291460002731075E-04
  344   0.1527441961024170E+00  0.1001791801630488E-02  0.9451827211815736E-04  0.5373144974911332E-02 -0.7378407348338077E-04  0.2319931092786674E-05
  345   0.1392118516108571E+00  0.1029776830688349E-02  0.9909763517915975E-04  0.4878938498347748E-02 -0.1606867976154738E-05 -0.2333717232773764E-04
  346   0.1306557253989069E+00  0.1019638198037258E-02  0.1023163642141457E-03  0.4462682374236413E-02 -0.1060017797660154E-04 -0.7685889674337107E-05
  347   0.1072054058956697E+00  0.9297787855175310E-03  0.9583730163482649E-04  0.4083972614999057E-02 -0.2481074864681476E-03 -0.2019645039827929E-04
  348   0.1211629975617699E+00  0.1064455841378055E-02  0.9649247432095188E-04  0.4935089561079397E-02 -0.1258614102246035E-03 -0.8470463928650005E-05
  349   0.1359698886641117E+00  0.9892722619874934E-03  0.9751599201072919E-04  0.5260345464729357E-02  0.8036554424266033E-04 -0.2493685405999750E-05
  350   0.1321484646179509E+00  0.1034071443831821E-02  0.1045000238473712E-03  0.4139993368725585E-02 -0.7907818611942157E-04 -0.1028925818874738E-04
  351   0.1327049326609032E+00  0.1060309496036450E-02  0.9026842975655104E-04  0.5012591580225248E-02 -0.1872634851864896E-03 -0.1477575183174859E-04
  352   0.1152934926190510E+00  0.1047366617752605E-02  0.1155346076802201E-03  0.4183521060821085E-02 -0.5116876325924432E-04  0.2151947048532845E-04
  353   0.1133216701367492E+00  0.1037836888756483E-02  0.1025551924617237E-03  0.4146766684002066E-02  0.9537504761568039E-04 -0.7557870652495043E-05
  354   0.1133152190266843E+00  0.1055325969308547E-02  0.9168552188511536E-04  0.4553573559249344E-02  0.1887490689180386E-03  0.1066964928784921E-04
  355   0.1182470840720825E+00  0.1026304474752749E-02  0.1021062426242416E-03  0.3526973753966188E-02 -0.6446705842122976E-04  0.4305891251190078E-05
  356   0.1124379896777690E+00  0.9870864996796070E-03  0.1022050258782886E-03  0.3384983281336316E-02 -0.1385725644459247E-03  0.2687360745492026E-05
  357   0.1133476573449235E+00  0.1088532521551567E-02  0.1097158741414767E-03  0.3745832279210161E-02  0.1243504854758208E-03 -0.4204466072570599E-05
  358   0.1133262372840835E+00  0.1106149586462973E-02  0.1078548133259476E-03  0.3905793848374371E-02  0.7019826291676938E-04  0.9851275793645628E-05
  359   0.1128256743945114E+00  0.1052813167196722E-02  0.9570686967302992E-04  0.4096212437156390E-02  0.2720360025773613E-04 -0.6769811210696237E-05
  360   0.9618380435363288E-01  0.1051126819493349E-02  0.1061352679756813E-03  0.3589548779127434E-02  0.7532522393233299E-04 -0.1092128150768892E-04
  361   0.1066368054216623E+00  0.1110383571350993E-02  0.9969450283602730E-04  0.3770334216566281E-02 -0.2015449365630457E-03 -0.6203865008716793E-05
  362   0.1102111928923841E+00  0.9935244684062248E-03  0.9628330639221661E-04  0.3145295784525785E-02 -0.4935330880405923E-04 -0.1286312371469594E-04
  363   0.1012168651086266E+00  0.9971197550924828E-03  0.8821137687043239E-04  0.3459102460982171E-02  0.1400811134755007E-05 -0.3309182814213856E-05
  364   0.1029994652902607E+00  0.1064797678689276E-02  0.9096903903439441E-04  0.3489768177634088E-02  0.2862522318702899E-04  0.1528181181585622E-04
  365   0.1028990241742666E+00  0.1025898501238796E-02  0.1126036598316557E-03  0.3198422254519898E-02  0.5136095607760124E-06 -0.1858261435220702E-04
  366   0.9804301513668962E-01  0.1047501368831040E-02  0.1007861506306405E-03  0.3026443666888495E-02 -0.5661790896718083E-04  0.5987229919925576E-05
  367   0.9154559258980119E-01  0.1034257828556161E-02  0.1018326402722045E-03  0.2866032002457441E-02 -0.1245456390609717E-03  0.7937461506977828E-05
  368   0.8679221819704204E-01  0.1017528207512452E-02  0.1077471570328668E-03  0.1659173457906896E-02 -0.1234984802207227E-03 -0.8521743661100119E-05
  369   0.8705990360863136E-01  0.1000279600084888E-02  0.9528146575641331E-04  0.2299539453667812E-02  0.1979575943251552E-05  0.2645373875847378E-05
  370   0.9332471768596400E-01  0.9903427785805205E-03  0.9513168123486765E-04  0.2064780869268132E-02  0.1881402708448237E-03  0.5482343128845218E-05
  371   0.8844814054966570E-01  0.1031194247343675E-02  0.1007367485055799E-03  0.2138502177934209E-02  0.1590273556325144E-04  0.1542740792693111E-04
  372   0.9246235926992373E-01  0.9647520446124990E-03  0.1180575407947969E-03  0.2512622725097087E-02  0.9491002599801374E-04  0.1720089637327495E-04
  373   0.8689283342692264E-01  0.1007066745267722E-02  0.1038825185680585E-03  0.2561870701324848E-02  0.2077071810393009E-04  0.1652526465674692E-04
  374   0.8403527430530243E-01  0.1069591152788555E-02  0.1005721921420518E-03  0.2131825836390029E-02  0.7297784085371158E-05  0.1167341224707793E-04
  375   0.9251479924375293E-01  0.1127186999612516E-02  0.9903324849591566E-04  0.1635614400379883E-02  0.1120852939254893E-03 -0.2065337659018912E-04
  376   0.8297697784970194E-01  0.9987982558106001E-03  0.1102746166441155E-03  0.2174071096041107E-02  0.2266126191637120E-03 -0.7203286941531959E-05
  377   0.8916517932463046E-01  0.1092684796560767E-02  0.1032833998105387E-03  0.1842051989143160E-02 -0.8354609281174309E-04  0.1256073705372201E-04
  378   0.8103573956020495E-01  0.1159968082411765E-02  0.9155658935149891E-04  0.1611215821801387E-02  0.6525529290600712E-05  0.2147567457896230E-04
  379   0.7817370831225944E-01  0.1047202630914965E-02  0.1010213644629689E-03  0.1239082737405726E-02  0.2696132043134012E-04 -0.2295537566344401E-05
  380   0.8275253595770575E-01  0.1021635729279680E-02  0.1039209615454343E-03  0.1250165889972924E-02  0.1131107125520077E-03 -0.1049341612961710E-04
  381   0.7798684540321882E-01  0.1064423838940732E-02  0.1090672713244474E-03  0.1226195381318690E-02  0.3345798089453496E-04 -0.1759534798397190E-05
  382   0.8071255021279543E-01  0.1011910096419682E-02  0.9706665341058038E-04  0.1580289873518236E-02 -0.7601596364680714E-04  0.1371904344656487E-04
  383   0.7870188302075179E-01  0.1003499394420968E-02  0.9379622360806356E-04  0.8942514395458795E-03  0.2393096240737476E-04  0.4393895802023479E-06
  384   0.8034579336848742E-01  0.1013016404042150E-02  0.9869937274919902E-04  0.1361328008116441E-02  0.6160101937809568E-04 -0.8577331276747426E-05
  385   0.7854448328111213E-01  0.1013407913913138E-02  0.1016686619510326E-03  0.9315191976377033E-03 -0.1581321027657914E-03  0.4704990180424869E-05
  386   0.7497941730802596E-01  0.1033305990243278E-02  0.9298547586457803E-04  0.1236581606939525E-02 -0.1475763715598154E-03  0.1510183261325731E-04
  387   0.7339340320506128E-01  0.9630735909862008E-03  0.1040667888099908E-03  0.6457601384954050E-03 -0.3559204121330533E-04  0.2043142998476030E-06
  388   0.7075437803372926E-01  0.1003373657264206E-02  0.1037007403725720E-03  0.1652633570545518E-02  0.2341694415710185E-04  0.3593576391369246E-05
  389   0.7481526652736557E-01  0.1043253183749963E-02  0.1061065857374537E-03  0.9481994844578634E-03 -0.1459047142160838E-03  0.4177193401383412E-05
  390   0.6748984198777279E-01  0.9804108018726960E-03  0.1022501863546507E-03  0.7833163281069565E-03 -0.1438110603171402E-03  0.6360883395880354E-05
  391   0.7021534672643188E-01  0.9635753507128178E-03  0.1079486265184620E-03  0.6516227728877693E-03  0.7300490414685603E-04 -0.1507847042235321E-04
  392   0.7371471013283255E-01  0.9743878240328864E-03  0.1020037467378578E-03  0.6200556738589759E-03  0.1141973753001680E-03 -0.1423794151608898E-04
  393   0.7011583068812068E-01  0.9571644404999253E-03  0.9231162605335471E-04  0.1516092799774847E-03 -0.9199835736206069E-05  0.2256002913824995E-04
  394   0.6740651492350455E-01  0.9286590037024625E-03  0.9692940433063926E-04  0.4745641308235726E-03 -0.1268518651399764E-03  0.1600288861183725E-05
  395   0.7275067128813076E-01  0.9916268364065116E-03  0.1033766139018345E-03 -0.7322738901303772E-04 -0.3765988444946947E-04  0.7860192530321853E-05
  396   0.7374388960513983E-01  0.9532778399388563E-03  0.9676825412319905E-04  0.3313960968310116E-03  0.7827352635509464E-04  0.8454080170849457E-05
  397   0.6589726231380273E-01  0.9623646054914855E-03  0.9516537504237601E-04  0.9894908421443328E-04 -0.4082923082083288E-04 -0.6696765906778853E-05
  398   0.7046043779328037E-01  0.9764124083441581E-03  0.1032090432758645E-03 -0.2945385083855371E-03 -0.5294761578727318E-04 -0.7585626252861971E-05
  399   0.6283989730092551E-01  0.9036257565591666E-03  0.1007403170558478E-03 -0.1999975610616621E-03  0.2226868599083488E-04  0.1463920399216698E-04
  400   0.7596467791432444E-01  0.8908813727613047E-03  0.1031960059439105E-03  0.2635765765107897E-03 -0.8439196327143278E-04  0.1005906513716860E-04
  401   0.6997784150979956E-01  0.8756679709930481E-03  0.1054296210678979E-03  0.4283064573883135E-04  0.4708016583483499E-04 -0.1834711927782359E-05
  402   0.6427004655196467E-01  0.9597516103788713E-03  0.9780131526056586E-04 -0.8433832594719143E-03 -0.2409732241523312E-04 -0.6377428957916642E-05
  403   0.6464506102397785E-01  0.8401315431154810E-03  0.1040484432679447E-03  0.1661113092131944E-03  0.4897299077419618E-04 -0.7953206678197526E-05
  404   0.6086094378569278E-01  0.9181905291693683E-03  0.1054333618190129E-03 -0.2368932165855199E-03 -0.1534338302005728E-03 -0.5864994195698719E-05
  405   0.6705991862923981E-01  0.8824879874306277E-03  0.9944546486740910E-04 -0.4323282775729742E-03  0.4261844905374940E-04  0.9295500903642149E-05
  406   0.6838135643346285E-01  0.9390519247493495E-03  0.1053608498945618E-03 -0.6738569518824030E-03 -0.7156705838099616E-04  0.1989754674707617E-05
  407   0.6705970849181607E-01  0.1008006854767694E-02  0.9705383697422852E-04 -0.1059550521481339E-02 -0.5842654464826593E-04  0.1618320941133085E-04
  408   0.6530688090725623E-01  0.8810174403543756E-03  0.9570474309259496E-04 -0.1016256360116008E-02  0.1268045925034753E-04 -0.5856838155425587E-05
  409   0.6377575260699225E-01  0.9443403165993844E-03  0.1002945569384621E-03 -0.6737600819316937E-03 -0.1969608631583288E-03  0.1707081547728942E-04
  410   0.6488018036698677E-01  0.9662635801181480E-03  0.9596735735954792E-04 -0.1383131142108432E-02  0.1161815249891974E-03 -0.2218044845009810E-05
  411   0.6070902345241971E-01  0.9384661055563730E-03  0.1129053698960017E-03 -0.8297601094507978E-03  0.7637068096721860E-04  0.6207957339107018E-06
  412   0.5866873482838451E-01  0.8918860827098946E-03  0.1032394465120830E-03 -0.7716331881903975E-03  0.1543254354255174E-03 -0.1008337179743710E-04
  413   0.6007283124825730E-01  0.8957936881781620E-03  0.1054074669285740E-03 -0.1072257070312950E-02  0.7230561256922774E-04  0.1331969804334198E-04
  414   0.6541564249138758E-01  0.8325504541009276E-03  0.1046606018736912E-03 -0.1594425240305642E-02  0.4603608598589396E-04  0.6887128687773483E-05
  415   0.6388032255997424E-01  0.8275821615372147E-03  0.1040352420918392E-03 -0.1005926779628225E-02  0.4852558444310802E-05  0.1289362822329600E-04
  416   0.6375696534254591E-01  0.7959860832974939E-03  0.1052549776297630E-03 -0.1607916624774021E-02 -0.1292623172005121E-03 -0.7523441719368362E-05
  417   0.5993925577502978E-01  0.8016126708631619E-03  0.1040120241176805E-03 -0.7510293263429948E-03 -0.9107481884714542E-04 -0.2467642135761487E-05
  418   0.5825632080838010E-01  0.8263182550833242E-03  0.9359492849190017E-04 -0.1576369291028491E-02 -0.2321659870503404E-04  0.6105185442174773E-05
  419   0.5996246145739963E-01  0.8642509908983422E-03  0.1008717943500164E-03 -0.1402607264864304E-02 -0.6971643468202296E-04  0.6406234583278845E-05
  420   0.6049920311909279E-01  0.8187557584599212E-03  0.1011227009807802E-03 -0.1560033655027855E-02  0.1291509285403000E-04  0.9816226641761152E-05
  421   0.6259820745659821E-01  0.8389713824292563E-03  0.1014158977909072E-03 -0.1665276502855991E-02 -0.2062553859961824E-03  0.3959376797238082E-05
  422   0.6019554316362531E-01  0.7535170139628186E-03  0.9351378403989462E-04 -0.1517585147422962E-02  0.2696646185014156E-04 -0.8400601299756837E-05
  423   0.6436930881591908E-01  0.7975464035172523E-03  0.9841509682876462E-04 -0.1273681540250478E-02  0.7933094933264239E-04  0.4649965454111533E-05
  424   0.6403621921144440E-01  0.7355467340941639E-03  0.1020893031488212E-03 -0.1589673531030830E-02  0.1022664894826435E-03 -0.8996509096996783E-05
  425   0.6347133671579987E-01  0.7353760281124508E-03  0.1052062346892447E-03 -0.1553421742978908E-02  0.4556035562831159E-04 -0.2083409160886236E-04
  426   0.6226571469612269E-01  0.7596258577513423E-03  0.9885502334420142E-04 -0.1603436816886229E-02  0.5098291289668818E-04  0.1252491674225784E-04
  427   0.6052608412141379E-01  0.7575353095851599E-03  0.1078682475089869E-03 -0.1484962041432304E-02  0.1795632425235239E-03  0.1224225611051278E-04
  428   0.5515427593582425E-01  0.7111101356895820E-03  0.9990009450773323E-04 -0.1203384319001627E-02  0.4518071074878690E-04 -0.1647487330297048E-04
  429   0.5445014643526165E-01  0.7229788304065901E-03  0.1092105018078586E-03 -0.1635773550037176E-02 -0.4567429423117424E-05  0.1648211093348723E-04
  430   0.5877996795143622E-01  0.7457923326498358E-03  0.1063772770440678E-03 -0.1675922430140201E-02 -0.5061456282583152E-04  0.1235527446289232E-04
  431   0.6496607308095657E-01  0.7407911954934737E-03  0.1018238562080332E-03 -0.1801799435766823E-02  0.3469179176322916E-04 -0.8416012866035393E-05
  432   0.5788189724715399E-01  0.7492631853782535E-03  0.9576447761756175E-04 -0.1727297507514715E-02  0.1102348286899141E-04  0.2085832122562531E-04
  433   0.6319524161389926E-01  0.7311896348934495E-03  0.1040120664540734E-03 -0.1663679691805925E-02 -0.7978015432420789E-05 -0.2251248097673193E-05
  434   0.5718306173331822E-01  0.6783833397942607E-03  0.1027756010895529E-03 -0.1263340015348587E-02 -0.1819444660909643E-04  0.4085315894258827E-05
  435   0.6128728295500117E-01  0.6949008257556442E-03  0.1080719464893026E-03 -0.2120995131203405E-02  0.9488771643139182E-04 -0.7821907851182504E-05
  436   0.6403637686289344E-01  0.7010850546488673E-03  0.1042318681246977E-03 -0.2500611154449018E-02  0.2309863563867614E-05 -0.1121808139129967E-04
  437   0.5786926667740461E-01  0.6915670727094419E-03  0.1016347653023486E-03 -0.1846844799323795E-02 -0.6788387090706897E-04 -0.2513485380169064E-05
  438   0.6342240057754765E-01  0.7138664146957506E-03  0.1036485326008025E-03 -0.1966520927197428E-02 -0.8421361284269543E-04  0.1049718227330323E-04
  439   0.6453393386549756E-01  0.6403569263621586E-03  0.1009390576746614E-03 -0.2120021369842639E-02  0.4057661550452652E-04  0.3099736711824835E-05
  440   0.6031541610031203E-01  0.6581992369484941E-03  0.1022321746936840E-03 -0.1704192197130539E-02  0.7935241500288120E-05  0.5078975014276645E-05
  441   0.6527636488277279E-01  0.6775136289078156E-03  0.1065105463391720E-03 -0.2313965739338886E-02 -0.4281601098719215E-04 -0.1583218043899517E-04
  442   0.6183194826061311E-01  0.6460658720115603E-03  0.1106631511068705E-03 -0.2069461133139153E-02 -0.5617049880343604E-05 -0.4171375353248719E-05
  443   0.5691843070203667E-01  0.6662366340733479E-03  0.1007483227260896E-03 -0.2144259287020064E-02  0.1200898973259372E-03 -0.1419647499927095E-04
  444   0.6482526125436168E-01  0.6882193812523946E-03  0.1035004905554300E-03 -0.2444788210832939E-02  0.1007551141144004E-03  0.6342865930585725E-05
  445   0.5950464106891161E-01  0.6114266081455895E-03  0.1042021122134448E-03 -0.1763259773853952E-02  0.5580391981543700E-04  0.2983530232741675E-05
  446   0.6103590272974695E-01  0.6200246662767830E-03  0.9221010017197168E-04 -0.1892732676740429E-02 -0.3345702371079877E-04 -0.4802571138693561E-05
  447   0.6360826635765446E-01  0.6843853045227954E-03  0.1047322985918864E-03 -0.2719096594351897E-02  0.5676122657780994E-04 -0.2976195592759323E-05
  448   0.5984386967493248E-01  0.5997865299238202E-03  0.9957157013078411E-04 -0.2051827575585034E-02 -0.7999655947340585E-04  0.1238424716449464E-05
  449   0.5635505428137018E-01  0.5710714555389812E-03  0.1176346242552254E-03 -0.1835510021767509E-02  0.2815047857607157E-04 -0.1795929750293040E-05
  450   0.5725141574424248E-01  0.5952172100380863E-03  0.9697461903068475E-04 -0.2016644612142167E-02  0.9686893060678534E-04 -0.9973976125935216E-05
  451   0.5754117549663636E-01  0.5821734576445398E-03  0.1037846222208596E-03 -0.2038825068635769E-02  0.1483926826438747E-03 -0.7425649106754783E-05
  452   0.6102737090584811E-01  0.5661059056641868E-03  0.1036678336953677E-03 -0.2086546171766861E-02  0.3152190097395585E-04  0.6383408819217563E-08
  453   0.6131688309899058E-01  0.5938561802291995E-03  0.1143614280158804E-03 -0.2439993570653110E-02  0.6907275783993220E-04  0.5491284205155098E-05
  454   0.6142943351402955E-01  0.6065467646526099E-03  0.1009083624713926E-03 -0.2587457112039333E-02 -0.2075444094474265E-04  0.4449532512086559E-05
  455   0.5680723335125721E-01  0.5459618249453263E-03  0.1008067190434999E-03 -0.1929830481937406E-02  0.3482038084736072E-04  0.4001339821251025E-05
  456   0.6145350013060617E-01  0.5791921660433573E-03  0.1049123731735306E-03 -0.2582969082323928E-02  0.1657691219029480E-04 -0.4225170050010193E-05
  457   0.6231219148392486E-01  0.5542807042406737E-03  0.1029422326190092E-03 -0.2089792840309546E-02 -0.1191710081923793E-03  0.1168402129697607E-04
  458   0.5950571341364155E-01  0.5265356120248844E-03  0.1005644237032313E-03 -0.2128536484245410E-02  0.7965586193896437E-04  0.1885390553970251E-05
  459   0.6413146347271340E-01  0.5278072717764081E-03  0.1014613974667752E-03 -0.2450950653830938E-02  0.1421612720546158E-03 -0.2169921723992532E-06
  460   0.6041160233182154E-01  0.5400221994977742E-03  0.1059861348367996E-03 -0.2212969961403130E-02 -0.3038810574740919E-04  0.4146773994599361E-05
  461   0.6039732731784363E-01  0.5347542113661744E-03  0.9876683869252062E-04 -0.2396879735769653E-02 -0.4790196960629330E-04 -0.4744353738397644E-05
  462   0.6211437393820646E-01  0.4682412655960218E-03  0.1082689542904912E-03 -0.2166306682795463E-02  0.9261712387588612E-04 -0.3017202813887519E-05
  463   0.6184496981433452E-01  0.4892602747770125E-03  0.9933258203633143E-04 -0.2370009025407575E-02 -0.8179735833658478E-05  0.1804117208659980E-05
  464   0.6557352322188259E-01  0.4712659667662783E-03  0.1029566587197810E-03 -0.2303366899118343E-02  0.2215260013811288E-05  0.5681791912096052E-05
  465   0.6695180264179453E-01  0.5058478578997918E-03  0.1082550211747840E-03 -0.2252495327824901E-02 -0.3930003184300183E-04  0.8302013003145154E-05
  466   0.5910813544600430E-01  0.5017215273767803E-03  0.9652719452679050E-04 -0.1938837461318247E-02 -0.1121844801129658E-03  0.5905670097059807E-05
  467   0.6052093163221399E-01  0.4791275266976360E-03  0.1036418918913170E-03 -0.2245057181701144E-02 -0.8206600067936953E-04  0.7458359650038874E-05
  468   0.6234202594188904E-01  0.4609731059942229E-03  0.1036762268771725E-03 -0.2318776319452509E-02  0.5499745655225077E-04 -0.8627108928785604E-05
  469   0.6326128086481028E-01  0.4656103366434586E-03  0.1068585474136171E-03 -0.2166035419166005E-02  0.6567206738813529E-04  0.5573937274451496E-05
  470   0.6177207559920066E-01  0.4184626828054191E-03  0.1023793179903585E-03 -0.2001855003733548E-02 -0.2906943807734031E-04 -0.1391859867859111E-07
  471   0.6679282957213363E-01  0.4400026353682155E-03  0.9752768756635292E-04 -0.2191106606536912E-02  0.1966423904623462E-04  0.4128960769835754E-05
  472   0.6083996230408746E-01  0.4543612764718280E-03  0.1046541935136292E-03 -0.2387589446797703E-02 -0.1461215647410871E-04  0.8809809327237533E-05
  473   0.6269370894369099E-01  0.4457638377888938E-03  0.1003998003684723E-03 -0.2161547754736161E-02 -0.2159465511461698E-04  0.1755862140909065E-05
  474   0.6134703468503083E-01  0.4354418556377985E-03  0.1048622055568209E-03 -0.2172203532280773E-02  0.1790847764916243E-05  0.2363070772279238E-06
  475   0.6067158923985561E-01  0.4065178351764647E-03  0.1101367238089297E-03 -0.2092269414215212E-02 -0.1787609605780992E-03  0.1357325196068974E-04
  476   0.6530552671034053E-01  0.4106886528866396E-03  0.1057904140552730E-03 -0.2091563210128754E-02 -0.5436992121778977E-04 -0.9498948599195221E-05
  477   0.5648026832009039E-01  0.4070564161207467E-03  0.9236048937268803E-04 -0.1992104953170227E-02 -0.3173688266426402E-04  0.8842018475788303E-05
  478   0.5804166712695186E-01  0.4071962168884906E-03  0.9760169587484154E-04 -0.1806378337601282E-02 -0.2917354128946774E-04  0.6347668807611772E-05
  479   0.5748388776652064E-01  0.4094718873249990E-03  0.1039266173080262E-03 -0.1699668464477508E-02 -0.9514353930252327E-04  0.7129793394795192E-06
  480   0.5867069782277248E-01  0.3453804998700663E-03  0.9836825654502358E-04 -0.1744743861074751E-02  0.1194966726958839E-03  0.2772493386990712E-05
  481   0.6468703294058931E-01  0.3681855592467619E-03  0.9610186227997165E-04 -0.1852438690934078E-02  0.6158847085468007E-04 -0.5384560410979009E-05
  482   0.6462803148760561E-01  0.3785571856325570E-03  0.9098311630567960E-04 -0.2023721743558798E-02 -0.7391126422809769E-04  0.5634967852692600E-05
  483   0.6128927979583185E-01  0.3816764026176353E-03  0.9944801401058004E-04 -0.1712829969272385E-02  0.4963769765155008E-04 -0.9709515528757593E-05
  484   0.5757243529133425E-01  0.3593965673402960E-03  0.1065645062830313E-03 -0.1606694230953062E-02  0.2707070491600839E-04 -0.1184153984787943E-05
  485   0.6406445194214967E-01  0.3774068969030365E-03  0.1065247805392071E-03 -0.1878397655128045E-02  0.9017489538455472E-04  0.5215266407039699E-05
  486   0.6300033248288396E-01  0.3668348341854588E-03  0.1001649381206781E-03 -0.1748136992279585E-02  0.1737902690754872E-04 -0.5102122065160685E-05
  487   0.6184105827416513E-01  0.3616015604998354E-03  0.1002410363273890E-03 -0.1748621381800743E-02 -0.7834365557494277E-04  0.6101412625832151E-05
  488   0.6357575593010549E-01  0.3385737507392532E-03  0.1080198789219372E-03 -0.1988035901863669E-02 -0.5496624452917513E-04  0.1403107573385153E-04
  489   0.6217150329485159E-01  0.3423672275098235E-03  0.1095877603647358E-03 -0.1579796218561093E-02  0.2888401357263143E-05  0.6001748218137108E-05
  490   0.6341337596824065E-01  0.3079153266159564E-03  0.1089206108077997E-03 -0.1585095482548566E-02 -0.8150814476622985E-04  0.4994737504558369E-05
  491   0.6102768652481914E-01  0.3364191458813496E-03  0.1050805101568708E-03 -0.1816659306459123E-02  0.6448704466551637E-05  0.4527288654180768E-05
  492   0.5757974893435444E-01  0.2927429561685059E-03  0.1007113829219088E-03 -0.1587764976977184E-02  0.1200963912734534E-03 -0.4384727361503676E-06
  493   0.6063980249220436E-01  0.3249314705512458E-03  0.9996380560424132E-04 -0.1451868882959339E-02 -0.4847200479988367E-04  0.5409946740744874E-06
  494   0.6073212383491795E-01  0.3212920100362665E-03  0.1053913152783635E-03 -0.1631200790746832E-02 -0.1247169836453640E-04  0.6616753588831731E-05
  495   0.6021352632671262E-01  0.3371793598119348E-03  0.1021941708948320E-03 -0.1877592333578652E-02  0.1617193292677294E-03  0.4752520067481423E-05
  496   0.6104241910955400E-01  0.3218914961542303E-03  0.1047896258999370E-03 -0.1466971590432319E-02 -0.1498434121320936E-04  0.9846162777846476E-05
  497   0.5796698353238052E-01  0.2853784866378003E-03  0.1051922284308566E-03 -0.1356434430486090E-02 -0.8468035953611333E-04  0.1008614222332012E-05
  498   0.5807609028499302E-01  0.3013487587339791E-03  0.1026032551703419E-03 -0.1373930401943442E-02  0.1473843120523534E-03  0.7192023654363641E-06
  499   0.6171820442715402E-01  0.2975691719499600E-03  0.1007383829170951E-03 -0.1192054585859837E-02 -0.1267986830486030E-03  0.2601810578602318E-05
  500   0.6290426033157340E-01  0.2974037500899790E-03  0.1086982273922352E-03 -0.1310064604006336E-02  0.7210190665798603E-05  0.6237763684445193E-05
