# nlmax, ncor, nside =         500           6         512
    0   0.5344402868153760E+04  0.0000000000000000E+00  0.0000000000000000E+00  0.0000000000000000E+00  0.0000000000000000E+00  0.0000000000000000E+00
    1   0.3723243682051861E+03  0.0000000000000000E+00  0.0000000000000000E+00  0.0000000000000000E+00  0.0000000000000000E+00  0.0000000000000000E+00
    2   0.3727426481412976E+03  0.9656610878511615E-02  0.2946961232791032E-03 -0.1340668801407627E+01 -0.1037485520231604E+00  0.1047328852826166E-02
    3   0.1930082810095008E+03  0.2573013780774123E-01  0.7919991747974374E-03  0.1769563806862229E+01 -0.1493402704142927E+00 -0.3755996519318887E-03
    4   0.8041400703749440E+02  0.3779392466268658E-02  0.3822601126378354E-03  0.2522279159172217E+00 -0.5709270877805434E-02 -0.1339419934597430E-03
    5   0.1266038243544116E+03  0.7267362265872954E-03  0.1333640674893910E-03  0.1160516967388559E+00 -0.6320376834201876E-02  0.8930826659409173E-04
    6   0.3917176884059245E+02  0.8539041273058957E-03  0.1434941162798587E-03  0.1042086927199050E+00 -0.4455168036747965E-02  0.3391435759295719E-04
    7   0.7442585035497038E+02  0.2593428897759684E-03  0.8858712286355391E-04  0.6645695123533328E-01  0.1354971408426365E-01 -0.2780310767268643E-04
    8   0.6175152400737304E+02  0.3771970027343212E-03  0.4119219493094249E-04  0.1026185664940515E+00 -0.1054257574055639E-01 -0.4448805770911017E-04
    9   0.4608200267240981E+02  0.3125649860180136E-03  0.5269665469295620E-04  0.5628813769285643E-01  0.6749882249512673E-04  0.3919365892237690E-04
   10   0.1618120674877036E+02  0.2506699059587574E-03  0.5529801922289950E-04  0.1575643933943473E-01  0.9625061087809240E-03 -0.3497758500316850E-04
   11   0.3420844782224763E+02  0.1369484376309835E-03  0.4086611334235176E-04  0.1929846487122433E-01 -0.8489926302244122E-02  0.1027348788446885E-04
   12   0.2234808909311903E+02  0.1560471662077095E-03  0.3336853672385325E-04  0.1619856487005059E-01 -0.4788160221441015E-02 -0.1029573178562440E-04
   13   0.2873720949451560E+02  0.1275126858406831E-03  0.3465498381937924E-04  0.3185707420301130E-01 -0.6271931311872259E-02 -0.9138080345879904E-05
   14   0.1907781678478192E+02  0.1325081780333774E-03  0.5105889963097146E-04  0.2412800513988889E-01 -0.2278120641688208E-02 -0.2016670874107913E-04
   15   0.1506229714930443E+02  0.1516962405678694E-03  0.8736115043413254E-04  0.2452809000527896E-01  0.1236525777461078E-01  0.1706883507239216E-04
   16   0.9322713769721812E+01  0.1400643063345906E-03  0.4286516123733063E-04  0.1185107985182001E-01 -0.5205915240263934E-03 -0.3481682568121617E-05
   17   0.1044860074680025E+02  0.1199458388127863E-03  0.4853345244345778E-04  0.8123288477000569E-02 -0.3943068370584258E-02 -0.7735035608104467E-05
   18   0.1116677482593158E+02  0.1142262410180470E-03  0.4757375590669319E-04  0.1057337235057477E-01 -0.8324336901557160E-03  0.6220610843815567E-05
   19   0.1304963511585359E+02  0.1266239443005192E-03  0.5203946692567003E-04  0.1549946813801332E-01 -0.2696964878089793E-02  0.1346378275407592E-05
   20   0.1332873257713707E+02  0.1310832375836598E-03  0.7019889323597386E-04  0.1215439113170400E-01 -0.6684798608334603E-03  0.1630808183516361E-04
   21   0.1317513249321619E+02  0.2387751621853594E-03  0.5030699218117481E-04  0.1454570109728355E-01  0.4615224008141085E-02 -0.1478590736721724E-05
   22   0.9923794613612396E+01  0.1426366831446785E-03  0.5683805271260680E-04  0.1628847348762536E-01 -0.4043175809364170E-02 -0.5157583367196617E-05
   23   0.1232146513244114E+02  0.1822215191232999E-03  0.6404634117654821E-04  0.1773235159500743E-01 -0.3253685358067620E-02  0.4267014102398250E-05
   24   0.8569881668417763E+01  0.1132482347450917E-03  0.5101447155421087E-04  0.1081949360713325E-01  0.8999934529053204E-03  0.3151206489570388E-05
   25   0.1048180709459214E+02  0.1894227207242292E-03  0.5677471539679775E-04  0.1567893703401728E-01  0.1098458786550283E-02  0.2777365261308825E-04
   26   0.8383844715784351E+01  0.1723656033232205E-03  0.5877092920855141E-04  0.1386344284081863E-02 -0.9870709907864157E-02  0.2112433933300999E-04
   27   0.9870898387821967E+01  0.1372233940734139E-03  0.6383084326357112E-04  0.3424437441186774E-02 -0.3655735818360480E-02  0.1450084533840858E-05
   28   0.5905865161398275E+01  0.1666320458849624E-03  0.6002622353547631E-04  0.1942281369209171E-02  0.1127120140256290E-02  0.1359559598810032E-05
   29   0.5940014209588966E+01  0.1874002421091759E-03  0.5063837915842306E-04  0.1338517596044488E-01 -0.2225011596272706E-02  0.7349402492030278E-05
   30   0.8156141173279488E+01  0.2248183214401377E-03  0.6449968506310833E-04  0.1179653408123212E-01 -0.3159425883648271E-02 -0.1456892007955281E-04
   31   0.8711432073662984E+01  0.2447526902028979E-03  0.5457818609345477E-04  0.1456253749798006E-01  0.3150009900239830E-02  0.8332777302171502E-05
   32   0.6674796622632088E+01  0.2927862783522992E-03  0.7452764068155101E-04  0.1778071347182040E-01 -0.5818488594985888E-03 -0.3733534445736701E-05
   33   0.5459286229137239E+01  0.2324568947395081E-03  0.5811368081190844E-04  0.6473899913242221E-02  0.5357444373085725E-02  0.4243297501035589E-05
   34   0.8176023295710346E+01  0.2169689232976936E-03  0.4593707608060158E-04  0.6218935991242637E-02  0.3953482860158884E-02  0.2398814226501976E-05
   35   0.6565429918598464E+01  0.2408542312377058E-03  0.6417026825087940E-04  0.7626611862820687E-02  0.1013520732497807E-02  0.9129462893637060E-05
   36   0.4822727894985904E+01  0.1696237315402380E-03  0.5446504431851372E-04  0.3799927353846398E-02 -0.2735013271287126E-02 -0.7583067089086135E-05
   37   0.5274703600687441E+01  0.2132574681936180E-03  0.7596825377729665E-04  0.2455415019226765E-02 -0.1692182260354064E-02 -0.1260088162540941E-04
   38   0.3568878360675067E+01  0.2766463922439960E-03  0.6668500038375907E-04 -0.1787394613507366E-02  0.1259008197234987E-02 -0.1552973030022080E-04
   39   0.6821085867097318E+01  0.3842269424802852E-03  0.5832110149076112E-04  0.1210840179236264E-01 -0.1187523424243981E-02  0.1561539451117412E-04
   40   0.4244153439365861E+01  0.2368542841430231E-03  0.5103568841814085E-04  0.1353398492278299E-02 -0.1879721924920906E-03  0.8687272492539383E-06
   41   0.3880949465510250E+01  0.2000237069625254E-03  0.4070931875084312E-04 -0.1526821933991395E-02  0.7406875218282178E-03  0.2236209505059663E-04
   42   0.4545365824841102E+01  0.2586905515256528E-03  0.5130536810726881E-04  0.4521862385573441E-02 -0.2598274938208114E-03 -0.1784322463667745E-04
   43   0.3560548829198051E+01  0.2291672130901807E-03  0.6684049281236737E-04  0.3644979103330361E-03 -0.1493545421457107E-02 -0.3195390659111850E-04
   44   0.4332760477808137E+01  0.4480739140368211E-03  0.4422090752484958E-04  0.3815769867415185E-02  0.1047717886579810E-02  0.9610626138576081E-05
   45   0.3578312906482087E+01  0.2616004114490098E-03  0.4312247634721337E-04  0.3697110043250359E-02  0.1867812689133615E-02 -0.7380616566348908E-05
   46   0.3779533877205310E+01  0.3540290858216558E-03  0.5199437542053399E-04  0.2326571413597069E-02 -0.4105523429438201E-03 -0.1308736943161389E-04
   47   0.4606132969075323E+01  0.4023743147969612E-03  0.3656457651794100E-04 -0.3274446571707118E-02  0.7425516425850257E-03  0.1296256142170227E-04
   48   0.3417832816661968E+01  0.3764420523504875E-03  0.4278650033488244E-04 -0.7009793906819380E-03 -0.3268433616377600E-03  0.5962720803431420E-05
   49   0.4557287644843735E+01  0.4029420681844234E-03  0.3760743451036169E-04 -0.6789052918509771E-03 -0.2207155056098719E-02  0.8605026150513434E-05
   50   0.3058767773023457E+01  0.3944432186103974E-03  0.6105937899703808E-04  0.3964581632728074E-03  0.1395828179595925E-02 -0.7950582212578941E-05
   51   0.3192346043706518E+01  0.3794720336062935E-03  0.5428944711278953E-04  0.8766974030722323E-02  0.2080461675345313E-05 -0.1448036634444103E-04
   52   0.2760507516007783E+01  0.3974071854484664E-03  0.5579441949959942E-04  0.5122949072494990E-02  0.7094606381596668E-03 -0.5261707592551810E-05
   53   0.3676906524506860E+01  0.4155515750555452E-03  0.5473023091323438E-04  0.5322056838778235E-03 -0.8755687379631625E-03 -0.8622300504500262E-05
   54   0.2919943849105894E+01  0.3928920922797858E-03  0.3882659727257758E-04 -0.7904124920493399E-02  0.1242437148450096E-02  0.5377345717550561E-05
   55   0.2946871830313597E+01  0.3498218814868001E-03  0.4128893526467563E-04 -0.2210903230088832E-02  0.5761379397903625E-03  0.2692980035702855E-05
   56   0.2888728645457375E+01  0.4191890533003553E-03  0.5375585793521299E-04 -0.9831222722210669E-02 -0.3519113712789091E-03  0.2188774347750874E-04
   57   0.2952726794457392E+01  0.4159861934586714E-03  0.3591645207898495E-04 -0.9255366095737910E-02 -0.1041104836297840E-02  0.2482535779655496E-04
   58   0.3418321693790398E+01  0.4632847298257510E-03  0.5658052654370162E-04 -0.1103185092576384E-01 -0.1429689378588220E-03  0.2200565496692886E-04
   59   0.3393840095748273E+01  0.4416794469504410E-03  0.3718627760781916E-04 -0.6673318103533488E-02  0.7174032521737706E-04  0.1259164631837393E-04
   60   0.2842769557730255E+01  0.3840988443317283E-03  0.3715369415943818E-04 -0.1900044235025161E-02 -0.3447622336205268E-03  0.1429532932497892E-04
   61   0.2935276031094607E+01  0.3074118630561623E-03  0.5051983160891819E-04 -0.3009998906683822E-02 -0.1202613834440533E-02 -0.3871399864763216E-05
   62   0.2378993625471479E+01  0.4402973773876347E-03  0.3553222602870987E-04 -0.5492270906389622E-02  0.8073807387118093E-03 -0.2413855297128942E-04
   63   0.2524616638659096E+01  0.5219708513042168E-03  0.4153740162381240E-04 -0.1116782625557261E-01  0.9298169268476154E-04 -0.1337496072262437E-04
   64   0.2181810748296272E+01  0.4759015156112858E-03  0.4227451524974560E-04 -0.3978999119819910E-02  0.5417973340780502E-03  0.1528920428612610E-04
   65   0.2898910481005856E+01  0.4850567413147666E-03  0.4091691288328528E-04 -0.7617245663702025E-02 -0.3163021049189984E-03 -0.1664617150498309E-04
   66   0.2763005890794656E+01  0.4806814086914729E-03  0.3868845154911616E-04 -0.8674283708801127E-02 -0.5189186734591533E-03 -0.1587955951263780E-04
   67   0.2579667106780479E+01  0.6213273431395683E-03  0.4111198487628506E-04 -0.1348140049463948E-01  0.2943794316805332E-03 -0.4457285523364503E-05
   68   0.2825252601548234E+01  0.5062847711810134E-03  0.4687439330278744E-04 -0.1064464056252490E-01 -0.1819365638291871E-03  0.6919965442405015E-05
   69   0.2684067504539208E+01  0.4375501670076060E-03  0.4293526239332546E-04 -0.1467128444336252E-01  0.4405079252069735E-03 -0.2172476381774995E-04
   70   0.2274757002427426E+01  0.4590947152848676E-03  0.3780403460289701E-04 -0.1166382558650535E-01  0.1399489464998824E-02 -0.5047546427882163E-05
   71   0.1992592014931196E+01  0.4387472385967483E-03  0.4007001899684938E-04 -0.7174600060832909E-02 -0.9999580937368521E-04 -0.2959922987006827E-05
   72   0.2888774162295813E+01  0.4655343883625599E-03  0.4660605564352570E-04 -0.1128943775961061E-01  0.4772701139682357E-03  0.1636098277359822E-04
   73   0.2283649220684232E+01  0.4902107240730736E-03  0.5022652064972630E-04 -0.1046068916261107E-01  0.5192107509858045E-03  0.1500309530265645E-05
   74   0.2379697607100255E+01  0.4776201307504930E-03  0.4421873890436090E-04 -0.9856078964156315E-02  0.3865326265114295E-03 -0.1033103409265057E-05
   75   0.2431227607238649E+01  0.4073811882932582E-03  0.4330944932348749E-04 -0.7004697326328841E-02 -0.6191181800844641E-03  0.1503298639920182E-04
   76   0.2043720222688747E+01  0.4272351702077101E-03  0.3882034795770412E-04 -0.3908886068737558E-02  0.1477517939117442E-02  0.7186442788926421E-05
   77   0.2130052918428195E+01  0.5583955764656123E-03  0.4274817879318885E-04 -0.1427036934593144E-01 -0.8419560750746117E-03 -0.1753788588103074E-04
   78   0.1698366413441394E+01  0.5103684043163656E-03  0.3964459096725840E-04 -0.9772121644096549E-02  0.5573342205842594E-04 -0.9141546780913824E-05
   79   0.2246978015443935E+01  0.5282016856960880E-03  0.3763160160858619E-04 -0.1465598956103167E-01  0.6571653054458180E-03 -0.2363138802085577E-04
   80   0.2089659161201498E+01  0.4493168499742619E-03  0.4549517183508451E-04 -0.8224928865076841E-02  0.5852281236035715E-03 -0.8931645157281896E-05
   81   0.2218761943971983E+01  0.4749816131744532E-03  0.3777846548974693E-04 -0.1184458545501078E-01 -0.4108706172623382E-03  0.1453202197161594E-04
   82   0.1815503672927132E+01  0.5476406427372963E-03  0.4032302010716532E-04 -0.1056512661567680E-01  0.9490646756128853E-03  0.1236143879838982E-05
   83   0.2111972604645406E+01  0.5460369466195793E-03  0.4352687480847681E-04 -0.1121220868306747E-01 -0.1043181263980395E-02  0.5663810518115594E-05
   84   0.1588791102706024E+01  0.5303344329680996E-03  0.3355302664583252E-04 -0.1388646703619134E-01  0.5189289747267103E-03  0.1224449425773878E-04
   85   0.1823403257578904E+01  0.4789230852564934E-03  0.3057756218098689E-04 -0.1020493371639122E-01  0.2601788898255541E-03  0.1913858399579426E-05
   86   0.2088830800095250E+01  0.5761365970916355E-03  0.3592825051436147E-04 -0.1655616967470348E-01  0.1040556869747180E-03 -0.3037310969972846E-05
   87   0.2206093265894223E+01  0.5156868097005167E-03  0.4480073258083504E-04 -0.1667604144376011E-01  0.2068054758170787E-03  0.1920468913379027E-05
   88   0.1682185637687418E+01  0.5678623541499085E-03  0.3721749294213338E-04 -0.1503225348453311E-01  0.1095031248937761E-02  0.2713519402825692E-05
   89   0.1611394920205256E+01  0.5053497287624257E-03  0.3119638454176792E-04 -0.1311122203720604E-01  0.6735697749824557E-03 -0.4420661166638987E-05
   90   0.1752370161843372E+01  0.4838926328184870E-03  0.3497049263345009E-04 -0.1213783420360161E-01  0.6312442647509310E-03  0.1007746521258677E-04
   91   0.1762441440938594E+01  0.5984938131012475E-03  0.3298487598186827E-04 -0.1426311835610505E-01 -0.3650632786798187E-03  0.1562937019577268E-04
   92   0.1723479553071693E+01  0.5897939515918916E-03  0.3463259830671400E-04 -0.1547039040204781E-01  0.4390995972493705E-03 -0.1198383477753951E-04
   93   0.1656836168784531E+01  0.5664015687449740E-03  0.3569451485035767E-04 -0.1356933178836758E-01 -0.5469245842143023E-03 -0.5804498458293863E-06
   94   0.1870384820402689E+01  0.4937850649615014E-03  0.3529677284733103E-04 -0.1374705065581135E-01 -0.8656891705213206E-03  0.1393655940251040E-04
   95   0.1814763418931300E+01  0.5665078339085938E-03  0.3578132606833795E-04 -0.1684370573100554E-01  0.5394831148921133E-03 -0.9458512714122267E-05
   96   0.1791045814188011E+01  0.5478742598242889E-03  0.3601981109406356E-04 -0.1455762253364437E-01 -0.1276431818165393E-02  0.1657093453711898E-04
   97   0.1679675092363452E+01  0.5547811290483184E-03  0.3902948404101643E-04 -0.1578241921695650E-01  0.4356951054067328E-03 -0.7944776598469216E-05
   98   0.2091901726298066E+01  0.5028035518454107E-03  0.3877063612399016E-04 -0.1657269258722774E-01  0.6469540145415788E-03  0.5197968357131052E-05
   99   0.1730764657652218E+01  0.5485507584172142E-03  0.3956241597410917E-04 -0.1557466644338604E-01  0.2352427469240322E-03 -0.9567116098958111E-05
  100   0.1619388580418244E+01  0.4918641830478679E-03  0.4297840381808620E-04 -0.1549426084566601E-01  0.2100422387696017E-04 -0.1253543651796311E-04
  101   0.1571588418517242E+01  0.5012722403623246E-03  0.3545325411291693E-04 -0.1487652105727692E-01 -0.2391133108018352E-03  0.1556734991572734E-04
  102   0.1526943002802545E+01  0.5215595909504888E-03  0.3048785156267021E-04 -0.1517384462919194E-01 -0.1397992141494814E-04  0.5303840319959019E-05
  103   0.1473188145024129E+01  0.4630469780762902E-03  0.3262449956328078E-04 -0.1297538692140808E-01 -0.2914520224948125E-04  0.1152061602108607E-05
  104   0.1291375270873235E+01  0.4320808817259076E-03  0.2926812607256893E-04 -0.9613441590639296E-02  0.3874640360025829E-03 -0.6834470047935873E-05
  105   0.1470893339382126E+01  0.3700376791772421E-03  0.3643893446538667E-04 -0.9750425556792473E-02 -0.3296548331047163E-03 -0.1321297758360554E-04
  106   0.1609001890427816E+01  0.4317893683608215E-03  0.3334011706781591E-04 -0.1435133816913429E-01 -0.6201090961800443E-03  0.1441229720047102E-06
  107   0.1586434128137316E+01  0.4979707152006535E-03  0.3163236310792091E-04 -0.1346167469911464E-01  0.1723542085763548E-03 -0.1486191160930894E-05
  108   0.1460654578217350E+01  0.5256761351313804E-03  0.4131139557862550E-04 -0.1457472493689731E-01 -0.5902387125996900E-03  0.6299497980367664E-05
  109   0.1709429558210594E+01  0.5058907952486059E-03  0.3244195205073847E-04 -0.1655545171473799E-01  0.3693211611851078E-03  0.2985041409772624E-05
  110   0.1701984307832114E+01  0.4821381006943979E-03  0.3514338964752327E-04 -0.1557904280401641E-01  0.1220887509484096E-02 -0.1325500588535162E-04
  111   0.1671176372059563E+01  0.5464818637596872E-03  0.3492765118837175E-04 -0.1692599815608413E-01  0.5383710403178513E-03 -0.1285225235001126E-04
  112   0.1503222536080300E+01  0.4153676757712837E-03  0.3103623946649788E-04 -0.1637696376481961E-01 -0.1252130653248116E-03 -0.3341701645218975E-05
  113   0.1547378074755484E+01  0.4832219658763456E-03  0.3359295028746536E-04 -0.1746072152715223E-01 -0.5569657435764890E-03  0.7016376509445801E-05
  114   0.1305535373579724E+01  0.4771505164370958E-03  0.2932498081116225E-04 -0.1294454943614616E-01  0.4978125863401273E-03 -0.8033527420340535E-05
  115   0.1774157232405419E+01  0.4836105204448432E-03  0.2956729021852897E-04 -0.1757271879797891E-01 -0.7234953639387769E-03  0.2214448245987801E-05
  116   0.1427693924260634E+01  0.5172383386561301E-03  0.3275551200419311E-04 -0.1585173391440507E-01 -0.2556281630519656E-04 -0.6813836945952767E-05
  117   0.1529190950464707E+01  0.4556266026194856E-03  0.3276392802276381E-04 -0.1465667344753017E-01 -0.1970305991916181E-03  0.1176110377089399E-04
  118   0.1361988528295367E+01  0.5262040967046679E-03  0.2884638676814138E-04 -0.1603138173680627E-01 -0.2366370246784435E-03  0.5193294603853358E-05
  119   0.1229735290783488E+01  0.4439837709825347E-03  0.3270457585885688E-04 -0.1265614812601008E-01  0.4959864538779005E-04 -0.4524344765711901E-05
  120   0.1390673471514732E+01  0.4583252133522829E-03  0.3092338355575289E-04 -0.1416284833580413E-01 -0.3409658172167962E-04 -0.2085210272205366E-05
  121   0.1333157824624939E+01  0.4205126434625929E-03  0.3314706535329571E-04 -0.1354667963141782E-01 -0.3520371725175283E-03  0.5496919607709728E-05
  122   0.1449047404062879E+01  0.4567904482042984E-03  0.3068479992729708E-04 -0.1522037409511523E-01  0.2921853123741451E-03  0.5681677772878994E-07
  123   0.1135774693516341E+01  0.3698476024538991E-03  0.2552839239438789E-04 -0.1110368448372122E-01  0.3761286972481226E-03  0.3019686559494985E-05
  124   0.1210699850401826E+01  0.4523468360756087E-03  0.3313027596831573E-04 -0.1557567957674244E-01  0.3167601685607307E-03 -0.6071598495029172E-05
  125   0.1514397393887743E+01  0.4505078282543136E-03  0.3300622141165424E-04 -0.1620636764681448E-01  0.2237995760939686E-03 -0.1305411221395254E-04
  126   0.1311714734059651E+01  0.4235642692904306E-03  0.3312955802987696E-04 -0.1442349218592908E-01 -0.1567077030769988E-03  0.7049441492306406E-05
  127   0.1339988011854410E+01  0.4731054097891574E-03  0.2979334479449249E-04 -0.1613427342451967E-01  0.2327470223311555E-03 -0.6513386594915284E-05
  128   0.1309628871267413E+01  0.4435952845122159E-03  0.2969679127122019E-04 -0.1497282597439556E-01 -0.4768296642560458E-03 -0.2492434913101259E-05
  129   0.1533405024452448E+01  0.3799291995300849E-03  0.3610529686523721E-04 -0.1528642138371514E-01 -0.1137993946592015E-03  0.1848987129480732E-05
  130   0.1446279972816357E+01  0.4291533563229100E-03  0.2877207238192843E-04 -0.1639728110128315E-01  0.2157906967635176E-04  0.5427576131099416E-05
  131   0.1315718067572741E+01  0.4082816260467947E-03  0.3167768479369962E-04 -0.1481420918627391E-01  0.7266584218818598E-04 -0.4307304487857989E-05
  132   0.1073759679600148E+01  0.3886163447471133E-03  0.2962941697664434E-04 -0.1261597136642102E-01 -0.3688897501031911E-03  0.5868573392853540E-05
  133   0.1315853047405003E+01  0.4405749567742248E-03  0.3162111725404922E-04 -0.1592436294870214E-01  0.3852956926692998E-03 -0.2416015818236455E-05
  134   0.1353713019804902E+01  0.3977584864580100E-03  0.2798532625617281E-04 -0.1406217845751230E-01 -0.5620956790835667E-03  0.7446382422092961E-05
  135   0.1285355398928417E+01  0.3948304423645405E-03  0.3004303991940255E-04 -0.1379887112688261E-01  0.3655913789237389E-03 -0.4492481760737999E-05
  136   0.1343508869188835E+01  0.4489744360239030E-03  0.3068073935655476E-04 -0.1692613056932940E-01 -0.5991559927794214E-03  0.9189402698659855E-05
  137   0.1332868734914249E+01  0.4442854231355615E-03  0.3549686713201346E-04 -0.1512245254298869E-01  0.4185611972506056E-03 -0.4923217723002300E-05
  138   0.1266161273553593E+01  0.4536074796741439E-03  0.3074931723882514E-04 -0.1488539848669144E-01  0.4760388066084928E-03  0.2497199911092152E-05
  139   0.1347589491655990E+01  0.3763538119983020E-03  0.3209710837705837E-04 -0.1502729682936073E-01 -0.2690530348861042E-03 -0.1456695024513341E-06
  140   0.1219982572262201E+01  0.3468508938248810E-03  0.3051013999326408E-04 -0.1250929842657685E-01 -0.1437730602620941E-03  0.1445559764972520E-05
  141   0.1363116700282505E+01  0.3599419871171482E-03  0.2878043101752260E-04 -0.1315429094997535E-01 -0.1921740317047362E-03  0.6645728857365930E-05
  142   0.1065777882397994E+01  0.3237681903467466E-03  0.2862353867792659E-04 -0.1213392463944313E-01  0.1699203579175659E-05  0.1520254726910672E-05
  143   0.1296993377962648E+01  0.4150999510411655E-03  0.2651000362107790E-04 -0.1514237111385841E-01 -0.8074221509732867E-04 -0.1632170509362790E-05
  144   0.1363298002281266E+01  0.3834984846962321E-03  0.2983881865798687E-04 -0.1585777273219625E-01  0.2661924813900793E-03 -0.1181922912682862E-04
  145   0.1168202436690675E+01  0.3221284460370828E-03  0.2769116756074459E-04 -0.1233319277253500E-01  0.2942863676993451E-03 -0.3441097617194877E-05
  146   0.1089063713387319E+01  0.3605076145162284E-03  0.3071985627643917E-04 -0.1270883639157943E-01  0.2824195371897855E-04 -0.2784824169078551E-05
  147   0.1149461548984624E+01  0.3532482378885315E-03  0.3105268829538818E-04 -0.1270897006608469E-01 -0.3552094559326610E-03 -0.1511431657953088E-05
  148   0.1340641932596923E+01  0.3565586779439465E-03  0.2958166752876751E-04 -0.1457609520148647E-01 -0.8374269758901845E-04 -0.2663247910123855E-05
  149   0.1020373205744438E+01  0.3060902066121698E-03  0.2810522735143758E-04 -0.1081822311169338E-01 -0.5532881971852040E-04  0.2256251089692177E-05
  150   0.1293251648341993E+01  0.2818218582552012E-03  0.2891807617277242E-04 -0.1150118859443758E-01  0.6525330978133465E-03 -0.9954399572185431E-05
  151   0.1106331387014237E+01  0.3889638991551524E-03  0.2767245826691125E-04 -0.1265775506621936E-01  0.3954781578041711E-04  0.2178399338870553E-05
  152   0.1223481182165741E+01  0.3201179626596496E-03  0.3182158711122307E-04 -0.1321991080579767E-01  0.3234544005186883E-03 -0.4557657633141883E-05
  153   0.1115857707349682E+01  0.2810019920893665E-03  0.2711785778529239E-04 -0.1093206735476738E-01  0.1598118055640933E-03 -0.5942048013903687E-06
  154   0.1070800063692478E+01  0.2853138692698948E-03  0.2904015487062159E-04 -0.9946454383339199E-02  0.3949869298351752E-03 -0.7484445744687436E-05
  155   0.1291580764076677E+01  0.2930689011341793E-03  0.2713882285923733E-04 -0.1222800699406341E-01  0.3814892387746202E-03 -0.3569797874677898E-05
  156   0.9626324575764841E+00  0.2279625833156598E-03  0.2477232256344528E-04 -0.7865603272423229E-02  0.2357483459842882E-03  0.4098639887567502E-05
  157   0.1359419323676695E+01  0.2852353185201934E-03  0.3052837380193658E-04 -0.1295357149881681E-01 -0.2045990309469031E-03 -0.3553962777929168E-05
  158   0.1094076973594747E+01  0.2573799965826607E-03  0.2747143468998939E-04 -0.1006709268563161E-01 -0.4873042479552778E-04 -0.3365216402793183E-05
  159   0.9367958059687272E+00  0.2281228173419277E-03  0.3097861988718105E-04 -0.7900813634069236E-02 -0.1506026207129741E-03 -0.4444242489098678E-06
  160   0.9767206831891299E+00  0.2514547803514960E-03  0.2763508085720293E-04 -0.8682360049048217E-02 -0.1901962752916039E-03  0.4470744974684098E-05
  161   0.9795692429077597E+00  0.2553251765818545E-03  0.2917841761240121E-04 -0.8490584187349262E-02 -0.1133669872597954E-03 -0.7154281214492745E-05
  162   0.1032294485681779E+01  0.2611047561226593E-03  0.2910016688102381E-04 -0.9960520519654249E-02 -0.1656552368249339E-03 -0.1020182001451789E-05
  163   0.1156359857427326E+01  0.2225282045727874E-03  0.2959281728758444E-04 -0.9331043372503272E-02  0.2101273253008051E-03 -0.4745537647357623E-05
  164   0.1135682297523812E+01  0.2552048228124420E-03  0.3049889187126920E-04 -0.9134592984735720E-02 -0.1734761788266971E-04 -0.3848756655142251E-05
  165   0.1074182014730694E+01  0.2677893735892094E-03  0.2779349112537968E-04 -0.9754933441096198E-02  0.5271938913083768E-03 -0.7483326937717029E-05
  166   0.8919669481273433E+00  0.2056732928352893E-03  0.2503584775398493E-04 -0.6071232275097041E-02  0.1384091834233762E-03 -0.1833892406608049E-05
  167   0.1090745564370269E+01  0.2457393530593548E-03  0.2922868735244568E-04 -0.9632682682470816E-02 -0.7172141216262312E-04 -0.5245017662340885E-05
  168   0.1227018800713961E+01  0.2311856367929452E-03  0.2897302232604831E-04 -0.1006607814762680E-01 -0.1369970474860672E-03  0.2819297856316012E-05
  169   0.1230798685573653E+01  0.2605656547315665E-03  0.2582926104806519E-04 -0.1137168099917702E-01 -0.3435489308536042E-04  0.8854400799454297E-06
  170   0.1146676901937675E+01  0.2377954558489775E-03  0.2994847414503792E-04 -0.9150984162770451E-02 -0.1767825674546712E-03  0.2484047180012853E-05
  171   0.9301115930476217E+00  0.2195653425220825E-03  0.2752286623399172E-04 -0.7723277979620647E-02 -0.4861476976828547E-03  0.4273439261475494E-05
  172   0.1162073962048259E+01  0.2313908338512696E-03  0.2557019146416384E-04 -0.9767558923445710E-02  0.4319321782360094E-03 -0.6352596866954649E-05
  173   0.1144054446617027E+01  0.2047278788799651E-03  0.2692110875438715E-04 -0.8954500719516641E-02 -0.1433092002960730E-03 -0.1157574687751810E-05
  174   0.1221117874054474E+01  0.2116946637307411E-03  0.2670451629160932E-04 -0.9063430351065375E-02 -0.4564292182272529E-03  0.7795098832733836E-06
  175   0.1040633595178708E+01  0.1955023626909677E-03  0.2615321380761726E-04 -0.7451256047585578E-02  0.1974752363114932E-03  0.2131113397162698E-05
  176   0.9724715728750988E+00  0.1732688747004239E-03  0.2802374185433973E-04 -0.6718505649506283E-02 -0.1406560731698290E-03  0.1282306114060728E-05
  177   0.9528187027216949E+00  0.1621765385454409E-03  0.2887696664318117E-04 -0.5391045038086476E-02 -0.3763699393121538E-03  0.4129771832875124E-05
  178   0.9659648111469847E+00  0.1984368551755870E-03  0.2779478329310814E-04 -0.6167725180852967E-02  0.6285636573111600E-04  0.1944737699660087E-05
  179   0.1092131639798190E+01  0.2157458317092129E-03  0.3016511495370236E-04 -0.6843026321180778E-02  0.1979132834384617E-03  0.1195351205821056E-05
  180   0.1049109100775911E+01  0.1837756428164773E-03  0.2725174707809448E-04 -0.6286020858178669E-02  0.1375536724164226E-03  0.1274682044620917E-05
  181   0.9122515232885015E+00  0.1566019601090579E-03  0.2881319672763488E-04 -0.5296027992596934E-02  0.1571980350821469E-03  0.2759963072082675E-05
  182   0.1074645139125604E+01  0.1647382138611763E-03  0.2629562682842172E-04 -0.5736954098067589E-02 -0.4025282685810942E-04 -0.2485023363912639E-05
  183   0.1098385614442602E+01  0.1590578611675711E-03  0.2810812441378538E-04 -0.6023562475745741E-02  0.3158369776454281E-04  0.1536531556984903E-05
  184   0.9980618216017918E+00  0.1716582357869714E-03  0.3077616325797955E-04 -0.5670821460380284E-02 -0.2946315410316339E-03 -0.1350436242455894E-06
  185   0.8845111405558400E+00  0.1516241137381869E-03  0.3071960185783376E-04 -0.5081154981146328E-02  0.6775690628726344E-04 -0.2712125148411958E-05
  186   0.9929223265141038E+00  0.1540044223438096E-03  0.2717240576150114E-04 -0.5282632634920864E-02 -0.5182153069614117E-03 -0.6716852376400489E-06
  187   0.9965106750044442E+00  0.1527929999113468E-03  0.2758026563505991E-04 -0.4720700117366374E-02 -0.4137639133017448E-03  0.5795636257590769E-05
  188   0.9277924115487147E+00  0.1691898606428534E-03  0.2772782187088838E-04 -0.6189000827792130E-02  0.3436420278455202E-03 -0.9841222438686991E-06
  189   0.1031560146764306E+01  0.1535043323505069E-03  0.2857171467384852E-04 -0.4334825292934601E-02  0.2486505194765866E-03 -0.4081624095982027E-05
  190   0.8180185291909245E+00  0.1328920997369671E-03  0.2620242449511441E-04 -0.3907798153693601E-02  0.4454174294434135E-03  0.1458741776772370E-05
  191   0.8471194543033310E+00  0.1403480313051031E-03  0.3419068555803711E-04 -0.3373972263642887E-02 -0.4041237869178515E-03  0.1347515042230150E-05
  192   0.8210347407526163E+00  0.1287860753488066E-03  0.2682628238699711E-04 -0.3459959527383602E-02 -0.1084400448307166E-03  0.4325881429072800E-05
  193   0.9635432170144823E+00  0.1431029749137233E-03  0.2727935946287383E-04 -0.3043879470379614E-02 -0.1638936487249392E-03  0.3284339324663531E-05
  194   0.1006293854295100E+01  0.1379331442477473E-03  0.2822593955555589E-04 -0.4214527678052116E-02 -0.1108754243832846E-03  0.1141306898325170E-05
  195   0.8718600551368529E+00  0.1328529458817848E-03  0.2754216739601195E-04 -0.2870113572404221E-02 -0.1190671492547264E-03  0.1642208617373528E-05
  196   0.8576489173460706E+00  0.1272518797210248E-03  0.2740776827664688E-04 -0.3016127792506118E-02 -0.4461145335476850E-03  0.1507479503750570E-05
  197   0.8043876508114257E+00  0.1541071872514949E-03  0.2505634477862861E-04 -0.2945956778556242E-02 -0.6615361848730593E-04  0.3351164865509592E-05
  198   0.1007386633368230E+01  0.1328439166137883E-03  0.2810733812067393E-04 -0.1541813908812089E-02 -0.6965465309311664E-04 -0.1157190637085275E-05
  199   0.8734078915688838E+00  0.1237797910012716E-03  0.2720744881118974E-04 -0.1755753180157560E-02 -0.1237848943343678E-03 -0.2556441337428549E-05
  200   0.8763213183960621E+00  0.1409490464954210E-03  0.2683435882041775E-04 -0.1276907275448169E-02  0.3740788280301264E-03 -0.5265706620751910E-05
  201   0.7963088657355601E+00  0.1172550048007435E-03  0.2826609837577560E-04 -0.2557892079191406E-02 -0.2962374413056397E-03  0.2617508957203388E-05
  202   0.9427110555947301E+00  0.1373292694769228E-03  0.2566231998212059E-04 -0.9808671685030575E-03 -0.1253433403516643E-03 -0.9893302804996979E-06
  203   0.8717246963165495E+00  0.1268307817102785E-03  0.2612264880118134E-04 -0.7321624317368348E-03  0.6043871751825212E-04 -0.4047978505466418E-05
  204   0.7114533491944104E+00  0.1489504735131399E-03  0.2783215435149252E-04 -0.4709575007341186E-03  0.3067033606047553E-03  0.1699634261189935E-05
  205   0.8615024612058181E+00  0.1395284983920132E-03  0.2777881367775861E-04 -0.9097949707236045E-03 -0.2189380951208076E-05 -0.1597520297965416E-05
  206   0.8000545049834108E+00  0.1325937888449024E-03  0.2848821434062653E-04 -0.1112097486614559E-03  0.1252707049217223E-03 -0.3250429148754021E-06
  207   0.8210733836739177E+00  0.1293791369207633E-03  0.2742806247944717E-04 -0.5782495667109946E-03  0.4350091048904007E-03 -0.7145808753337159E-06
  208   0.9882166106193543E+00  0.1191345533792817E-03  0.2483847519698150E-04 -0.2103398819702226E-03 -0.5313661815715512E-04 -0.6154996783111892E-06
  209   0.7710684044626323E+00  0.1434005533380633E-03  0.2734612082622341E-04  0.4622747497619273E-03 -0.1163723116812570E-04 -0.5324204039339800E-06
  210   0.7614258183377736E+00  0.1248993819497923E-03  0.2901212198105525E-04 -0.8014823758735107E-03 -0.1279030460177539E-03 -0.3305443588641930E-05
  211   0.8958158693207279E+00  0.1294154765166908E-03  0.2779241458715835E-04  0.1037685314912243E-02 -0.2512572667503030E-03  0.2514350002971069E-05
  212   0.8564321032557379E+00  0.1447541312800994E-03  0.3143216796762649E-04  0.3596431974748696E-03  0.1100070276163492E-03  0.5597281927184389E-05
  213   0.7651242626049246E+00  0.1400562869495689E-03  0.2778644685450277E-04  0.3638667742876047E-03  0.2879936896088224E-03  0.1326237264146257E-06
  214   0.8228271694352716E+00  0.1385508309218296E-03  0.2841487932480857E-04  0.7230002131709130E-03  0.2854858417834716E-03 -0.8596393416114478E-06
  215   0.8326008527355854E+00  0.1214318642285149E-03  0.2743125833071942E-04  0.8422990730439175E-03  0.5540107619651375E-04 -0.1457377488488409E-05
  216   0.8284775558544506E+00  0.1467843371290223E-03  0.2610574245787898E-04  0.1547058850191624E-02 -0.1704684995755507E-03  0.4368059034653573E-05
  217   0.7031471262583526E+00  0.1468116738892145E-03  0.2596662064687846E-04  0.1700248926354245E-02 -0.2302148421894759E-04 -0.4991420692940388E-05
  218   0.7786824711762679E+00  0.1458463700142685E-03  0.2887062159075148E-04  0.2700247274416593E-02 -0.2445362062563560E-03  0.1073938995020198E-05
  219   0.7455844348263406E+00  0.1488367871698511E-03  0.3210162831854004E-04  0.1782456065954883E-02  0.2107678535579295E-03  0.4086944147779501E-05
  220   0.7620834065183316E+00  0.1338831544304283E-03  0.2687908732465022E-04  0.2538171178094966E-02 -0.4795708897970717E-03  0.6226274993096707E-06
  221   0.7493788198229906E+00  0.1380056130964515E-03  0.3031372121511098E-04  0.2594888900337441E-02  0.1587880209466103E-03  0.5633474236855858E-06
  222   0.6035271257227133E+00  0.1483913197644535E-03  0.2866553549178800E-04  0.2092978182438422E-02  0.5958841168640832E-04 -0.2541202776360976E-05
  223   0.6707249071605057E+00  0.1595097772432293E-03  0.2808217660812015E-04  0.2614126930523447E-02 -0.2300124738905778E-03 -0.2599786423373015E-05
  224   0.7678417850001757E+00  0.1510584313195952E-03  0.2849114660596350E-04  0.2957285362183213E-02 -0.1353292518433530E-04 -0.1429924374251615E-05
  225   0.7128316108448554E+00  0.1489561397225558E-03  0.2532784697658794E-04  0.2794100563001830E-02  0.1605092628339023E-03  0.3546345260419050E-05
  226   0.7285356022142615E+00  0.1356429872816636E-03  0.2677340865170522E-04  0.3885913533315075E-02  0.2700545471839407E-03 -0.1358888243395344E-05
  227   0.6608000849596258E+00  0.1685974107773755E-03  0.2879078683465685E-04  0.3553314959087702E-02  0.3582603810865218E-03 -0.1082279958256241E-05
  228   0.6847425470688648E+00  0.1609600826765435E-03  0.2830135575345830E-04  0.4031954026423598E-02 -0.1798168172080434E-03  0.2476616432421098E-05
  229   0.6154313213484373E+00  0.1662597061121424E-03  0.2931916438316632E-04  0.3054530988477689E-02  0.3479427328203765E-03  0.1027069058437021E-05
  230   0.7111630559388062E+00  0.1754658592509250E-03  0.2740900093989642E-04  0.4222013747886681E-02 -0.8828295081454867E-04 -0.6623484241940694E-05
  231   0.6020201566816680E+00  0.1783446644248484E-03  0.2624524503575011E-04  0.4133659110681167E-02  0.2087471986908774E-03  0.9626621592928991E-06
  232   0.7080379775879696E+00  0.1861339144930961E-03  0.2459647892778840E-04  0.5358829374977272E-02  0.1201350972999245E-03  0.2736501928748601E-05
  233   0.6127755749769279E+00  0.1773965268453770E-03  0.2702124816525874E-04  0.4095836610035449E-02  0.7843189639052947E-04  0.1438737253852381E-05
  234   0.5931776437496579E+00  0.1767254115740393E-03  0.3210006802161634E-04  0.3708983580484614E-02 -0.7434232830976294E-04 -0.3303097794119660E-05
  235   0.5894841161193336E+00  0.1873462783868651E-03  0.2813929431732347E-04  0.5006849381466374E-02 -0.1393342398683685E-03  0.1030859005137337E-05
  236   0.5822060919844039E+00  0.1703800455104985E-03  0.2787019357326705E-04  0.3794520410167640E-02  0.4209082775602802E-04 -0.3435074295361781E-05
  237   0.5900292203634500E+00  0.2191243471409572E-03  0.2625544187285499E-04  0.4618688444692641E-02  0.1620106704850097E-03  0.8709580909731065E-05
  238   0.6404216439774074E+00  0.2254114765841589E-03  0.2923453849041040E-04  0.5300919131972744E-02 -0.1450725796461787E-03  0.3361040075739485E-05
  239   0.6538848104347413E+00  0.2243388760812711E-03  0.2618491487404978E-04  0.5485728317636205E-02  0.4166650756681757E-05  0.4203606631223085E-05
  240   0.5722615469482940E+00  0.2033518803204398E-03  0.2904471699934461E-04  0.5742599094951924E-02 -0.1022709681332417E-03 -0.4467069927873369E-05
  241   0.5995443177101182E+00  0.2115445765245196E-03  0.2761501815119113E-04  0.5388486587908583E-02 -0.8707709611911861E-04 -0.3556416042558006E-05
  242   0.5735805299680369E+00  0.2240760667052427E-03  0.3083051791244114E-04  0.4982063113745899E-02  0.1589190645447993E-03  0.5468475141386566E-05
  243   0.5323533516011675E+00  0.2300426518009314E-03  0.2631058251256576E-04  0.5546666980464757E-02 -0.6334255390054193E-05  0.2925847464525729E-06
  244   0.5654719364665742E+00  0.2274193830252947E-03  0.2578825031971259E-04  0.5558039444843153E-02 -0.2769194932874120E-04 -0.1075578780291525E-05
  245   0.5202607940388929E+00  0.2380521256973389E-03  0.2914876391479474E-04  0.5799016701028263E-02 -0.1758792936370238E-03  0.1206305136434748E-05
  246   0.5305856814346294E+00  0.2438694949992079E-03  0.2934364996632104E-04  0.5434157800364650E-02 -0.6964712545929149E-04  0.5303050458936560E-05
  247   0.5693388731562474E+00  0.2742367825641212E-03  0.2898492645629045E-04  0.7071293349991534E-02 -0.1119765575678346E-03 -0.5325967563236564E-05
  248   0.5087413304802617E+00  0.2754159750107174E-03  0.2853930565876042E-04  0.5723784425540563E-02 -0.2397592928934219E-04 -0.7159671337517734E-05
  249   0.5105107827245818E+00  0.2644884163176813E-03  0.2618441204578082E-04  0.6256519678834787E-02 -0.2845142273737164E-04  0.4510508168090048E-05
  250   0.5229155657415646E+00  0.2825063380278067E-03  0.2800645882948960E-04  0.6747121969751557E-02 -0.2453357264642085E-03 -0.4974588852830391E-05
  251   0.5735921253174568E+00  0.2971499547095991E-03  0.2629646267028204E-04  0.6977669243383145E-02  0.1986333441801158E-03  0.4033305045014266E-05
  252   0.5694078001647561E+00  0.2914953368236497E-03  0.2911884963869267E-04  0.7166282150261523E-02  0.2559315454329983E-03  0.7097165701399144E-05
  253   0.4688053398410595E+00  0.3023705769868760E-03  0.3018663572473111E-04  0.6483490477236084E-02 -0.5592641730068639E-05 -0.4770133454332205E-05
  254   0.4767994047266012E+00  0.2869659607437815E-03  0.3206722413566848E-04  0.5719135881383844E-02  0.1075174597898935E-03  0.5356968886863895E-05
  255   0.5122431614444587E+00  0.2786373890030721E-03  0.2654328694304727E-04  0.6641143071620653E-02 -0.1620533723528342E-03 -0.9881665395717881E-06
  256   0.5220998502196098E+00  0.3018549038897646E-03  0.2824692581891210E-04  0.6989685275916205E-02  0.4979172516521625E-04  0.5158888110358923E-05
  257   0.4689260318160893E+00  0.2993166747876270E-03  0.2487287076083302E-04  0.6415722214591491E-02  0.2253512546153927E-03  0.2097503162854921E-05
  258   0.4909753616246634E+00  0.3383615596507177E-03  0.3043540944342637E-04  0.7092172352976727E-02  0.2659491449184368E-03  0.3687634876488587E-05
  259   0.5051144409129618E+00  0.3673128888508849E-03  0.2748189005942172E-04  0.8578234973240884E-02  0.4632538254099957E-04  0.3559944237047094E-05
  260   0.4982185536215138E+00  0.3480623354478891E-03  0.3124564283497113E-04  0.8219191469815399E-02  0.1535082339673960E-03 -0.1831484207060313E-05
  261   0.4802245242745649E+00  0.3714961674722926E-03  0.2591028328394459E-04  0.8468832580789815E-02  0.1370621735499598E-04 -0.1177299628773406E-05
  262   0.4916179552676456E+00  0.4074338338339518E-03  0.2950320715913676E-04  0.8872606211068000E-02  0.1181907712254698E-03  0.3649730471317480E-05
  263   0.4468442807838386E+00  0.3567170414862146E-03  0.2815399909057066E-04  0.7064323842509106E-02  0.3356649419066134E-03  0.4047670572903995E-05
  264   0.4533545751692913E+00  0.3521039007898455E-03  0.2490431802149901E-04  0.8244720155538631E-02  0.7541920908629333E-04  0.3687167483436938E-05
  265   0.4375689398211588E+00  0.3894394860377743E-03  0.2817960221409685E-04  0.8082807842825578E-02 -0.2327320995130728E-03 -0.4612298089271253E-05
  266   0.4892780694304883E+00  0.3563026508189841E-03  0.2874393113752166E-04  0.8598814732876043E-02 -0.8356417552025759E-04  0.4048181080536741E-05
  267   0.4445078559657141E+00  0.4196930940410502E-03  0.2676860660374750E-04  0.8684797227161156E-02  0.3114255064271764E-04  0.9012269322127750E-06
  268   0.3730119943471188E+00  0.4097526066598353E-03  0.2630017694130914E-04  0.6995352551674119E-02 -0.5378764416316913E-04  0.5004425762684736E-05
  269   0.4000193033378115E+00  0.3911100025279597E-03  0.2704099162470749E-04  0.7243810744364353E-02  0.2974127316634123E-04  0.1942222062944864E-05
  270   0.4438949618346046E+00  0.4315296493092573E-03  0.2858864595429951E-04  0.8198806675632950E-02 -0.1958237622259450E-03 -0.1682317465269450E-05
  271   0.4258320656526891E+00  0.4329218335797457E-03  0.2706119480098379E-04  0.8222897502579950E-02  0.1674470844952269E-05 -0.5847530587652687E-05
  272   0.4123253372965030E+00  0.4705873024773778E-03  0.2715200321559211E-04  0.8116188628368331E-02 -0.3179386204524672E-03 -0.6464421060279236E-05
  273   0.4227405672988136E+00  0.4623820322891192E-03  0.2673636464544948E-04  0.8625782069611411E-02 -0.8660264759782149E-04 -0.5259707400636536E-05
  274   0.4289258927257618E+00  0.4659507723615419E-03  0.2777412580174664E-04  0.8135656015085381E-02 -0.2424744939168814E-03 -0.5251729515703833E-05
  275   0.3845246421302282E+00  0.4241732621029458E-03  0.2479211662816702E-04  0.7817734215409978E-02 -0.3988889530294720E-04 -0.3318048271767660E-05
  276   0.3952404686114807E+00  0.4898535748266702E-03  0.2950099975914427E-04  0.9137586553480995E-02  0.2765879607914852E-04  0.6200345928175893E-05
  277   0.3687002019237658E+00  0.5399184604459731E-03  0.2683891569758116E-04  0.9085935737160196E-02  0.4776539354187711E-04  0.7901499437544255E-05
  278   0.4215473324911085E+00  0.5433887663056502E-03  0.2761714383975452E-04  0.9780442807481460E-02  0.8694282371663590E-04  0.1163337338834685E-05
  279   0.3691468722461845E+00  0.4817672496608472E-03  0.2983653063916781E-04  0.7756864504277945E-02  0.9466971170844791E-04  0.5118552364745931E-07
  280   0.3702620958709908E+00  0.5405108789840045E-03  0.2768998798682302E-04  0.9373666271262441E-02  0.1023176353729706E-04  0.1236527129232527E-05
  281   0.3398466014655473E+00  0.4994862323760436E-03  0.2628256600841278E-04  0.7394157022730632E-02 -0.2224819843728967E-03 -0.2456517310372855E-05
  282   0.3498608071623368E+00  0.4761548241592042E-03  0.2876650380013957E-04  0.7846571063926392E-02  0.4615323164967678E-04  0.7693979307561635E-06
  283   0.3458877880769553E+00  0.5666213716645323E-03  0.2811013779742326E-04  0.8425222447898052E-02  0.1219207089641388E-03  0.7265262169097606E-05
  284   0.3883591376273464E+00  0.5683224473659067E-03  0.2760378085259085E-04  0.9266468527553090E-02  0.6504848824273295E-04  0.7005145942325269E-06
  285   0.3663731493829659E+00  0.5542538857074475E-03  0.2762514739952851E-04  0.8977305209200330E-02  0.6023329421643944E-04  0.9708149838338100E-05
  286   0.3023823591583390E+00  0.5345608332413244E-03  0.2630583103886839E-04  0.7390618427706931E-02  0.7123887074768889E-04 -0.2145841343434477E-05
  287   0.3073725915030333E+00  0.5497424048351583E-03  0.2758545320313905E-04  0.7557586338968842E-02 -0.1383182758780852E-03 -0.1184976803360072E-04
  288   0.3222996956764980E+00  0.5818158672430464E-03  0.2472864162242168E-04  0.8141406429304009E-02 -0.1119309102955655E-03 -0.3693296615217350E-05
  289   0.2993145827785214E+00  0.6031880698432941E-03  0.2870361064989997E-04  0.7295822199929132E-02  0.1443990815196595E-03  0.3118606157741617E-05
  290   0.3092481162206285E+00  0.5329489700909225E-03  0.3112773202469683E-04  0.8010185598908549E-02 -0.3572210752067295E-04 -0.4652775355822510E-05
  291   0.3161515214229694E+00  0.5730248640986328E-03  0.2913160948158616E-04  0.8186940444134972E-02  0.1143027470011433E-03  0.1390564296367831E-05
  292   0.3214684814350349E+00  0.5948183997942366E-03  0.2714042696966336E-04  0.8317669168082110E-02 -0.2046457922450038E-04  0.9120279899422097E-06
  293   0.2890092037351422E+00  0.5508820449930163E-03  0.2742688310672105E-04  0.7367868510904056E-02  0.1257559041765870E-04 -0.4162420211288891E-05
  294   0.2893248070227316E+00  0.6104831016969139E-03  0.2443718537743183E-04  0.8365460827226091E-02  0.4223138101209580E-04 -0.1214936343140929E-05
  295   0.2841970716902372E+00  0.6334736680170284E-03  0.2825579758078094E-04  0.8539277954644054E-02  0.7996218497261656E-04  0.4547638834515939E-05
  296   0.2903705975890797E+00  0.6781323272711320E-03  0.2684386767798883E-04  0.8619170961006889E-02  0.6575559367248183E-04 -0.2671172851283033E-05
  297   0.2810969631355462E+00  0.6866626436740548E-03  0.2878943042005812E-04  0.7488669093096238E-02  0.8149818005992007E-04  0.1077196358369840E-04
  298   0.2783269128360106E+00  0.6199823259567003E-03  0.2643515688760247E-04  0.7635168609983109E-02  0.1058070330579744E-03  0.3984381780332078E-05
  299   0.2743605350351030E+00  0.7219864934880540E-03  0.2655253121891300E-04  0.8583310751474131E-02 -0.2344240007411995E-04  0.3058920751183506E-05
  300   0.2715102541565405E+00  0.7059803597581308E-03  0.3052295377438323E-04  0.8766139295086517E-02 -0.3033030054656495E-04  0.4318444979595046E-05
  301   0.2747964431388142E+00  0.6731882851351909E-03  0.2872167216808202E-04  0.8039803938204911E-02  0.5606598738732285E-04  0.2851805771968803E-05
  302   0.2592050872908817E+00  0.7442225752423604E-03  0.2892839578933521E-04  0.8059572797817906E-02 -0.1635925379633684E-03 -0.5396774344937101E-05
  303   0.2735774473484764E+00  0.7123261841763930E-03  0.2701892389382085E-04  0.8468997786924021E-02  0.9202303054688868E-04 -0.4246008225582206E-05
  304   0.2712203012194149E+00  0.7628576653441179E-03  0.2825685603857707E-04  0.8481737425568183E-02  0.2314655900851253E-03  0.8302433170697700E-05
  305   0.2617805500337775E+00  0.6978780756757292E-03  0.2752846807171912E-04  0.7693005409771367E-02  0.1980722488475560E-04 -0.1232215439503566E-05
  306   0.2502747188423453E+00  0.7147937578857773E-03  0.2649449171938590E-04  0.7632922063131285E-02  0.4452746911414638E-04  0.7035461257959747E-05
  307   0.2544610116282094E+00  0.7442626760045895E-03  0.2636452817163211E-04  0.8582276481391224E-02 -0.2255325578543341E-04 -0.6788496594705782E-05
  308   0.2179379051643396E+00  0.6498775275998598E-03  0.2827348583218336E-04  0.6452147126511620E-02 -0.3391838676103054E-04 -0.5591370233281389E-05
  309   0.2214696379753276E+00  0.7866231788287243E-03  0.2910642119646529E-04  0.7511251904797380E-02 -0.1209179988654799E-03 -0.7235663939631547E-05
  310   0.2501778740509110E+00  0.8011673700251537E-03  0.2597504208464472E-04  0.8273745687072401E-02 -0.7211960270061190E-04  0.6639771638780982E-05
  311   0.2160719076850197E+00  0.7767376557318048E-03  0.2877148797818182E-04  0.7389206311833239E-02 -0.5450900286656425E-04 -0.8291494475960934E-05
  312   0.2290445670781270E+00  0.7256614131867976E-03  0.2707176897413346E-04  0.7600589177916293E-02 -0.8318639802971772E-04 -0.6697734128989105E-05
  313   0.2201427399641725E+00  0.7950113156418708E-03  0.2755228702184493E-04  0.7259202826466876E-02  0.2454988846896434E-04  0.4112026548567531E-05
  314   0.2168690639261283E+00  0.7462557515332224E-03  0.2594335149905628E-04  0.7516384162869268E-02  0.1992485120484473E-05 -0.4343575909818671E-05
  315   0.2284391723708005E+00  0.8088902667718271E-03  0.2712822921044446E-04  0.7460506007555126E-02 -0.1198293522518323E-03  0.6930688862571927E-06
  316   0.2014273475909042E+00  0.8678204424368403E-03  0.2605944748262588E-04  0.7650057955223286E-02 -0.1598222053000542E-03 -0.1099852475005266E-04
  317   0.2087460271672014E+00  0.7592937653931082E-03  0.2846132582782696E-04  0.7113183698619629E-02  0.1636242104511580E-03 -0.4048973392660934E-07
  318   0.2045888127764885E+00  0.8129012971047273E-03  0.2754776697637105E-04  0.6807515715214757E-02  0.7869075440544798E-05 -0.1525297420468622E-05
  319   0.1915543260651546E+00  0.8766236309445709E-03  0.2667565331173104E-04  0.7259178046322175E-02  0.4773239624660875E-04 -0.5979846827663985E-06
  320   0.1959888771781375E+00  0.7822584056524085E-03  0.2552423899946495E-04  0.7201252312153764E-02  0.3465274186130295E-04 -0.2549882779709737E-05
  321   0.1965004155955551E+00  0.7863764189514890E-03  0.2659858404278060E-04  0.6420528000830643E-02 -0.7384444527319973E-04  0.1437273768387058E-04
  322   0.1843030229411542E+00  0.8056765236478211E-03  0.2815076366679945E-04  0.6609159864768063E-02 -0.1012002124997969E-03 -0.1267098488787953E-04
  323   0.1914344936185852E+00  0.8046917980577094E-03  0.2823798113026608E-04  0.6387492887741537E-02  0.8567115815975335E-04  0.2439100584146600E-05
  324   0.1909783064800769E+00  0.8618862606753047E-03  0.2838885512885035E-04  0.6819233899106992E-02 -0.1275691406199924E-03 -0.1988409569827750E-05
  325   0.1705077537444601E+00  0.6941618707259090E-03  0.2559865616728243E-04  0.5510742352735089E-02  0.4716817614255107E-04  0.5604311213175144E-05
  326   0.1736655482602435E+00  0.8001072792951956E-03  0.2782384602757744E-04  0.5684998492077821E-02  0.1490023249576881E-03  0.5875766602107074E-05
  327   0.1834296739870794E+00  0.9182396511836843E-03  0.2605640795638452E-04  0.7405234822867466E-02 -0.5019675233012491E-04 -0.5986608013744759E-05
  328   0.1679350744294816E+00  0.9071478046495386E-03  0.2556969232270872E-04  0.6901144477044745E-02  0.1546857239639204E-04 -0.9089867512953584E-05
  329   0.1609100880321852E+00  0.8669305427006376E-03  0.2797171706578846E-04  0.5828042024889603E-02  0.7893109118338228E-04 -0.1641608548066520E-05
  330   0.1738636081528563E+00  0.8841623598733141E-03  0.2703173821267067E-04  0.6517689441445774E-02  0.4131055814358847E-05 -0.7973382481668926E-05
  331   0.1663266889971818E+00  0.8967617113447003E-03  0.2684498333786790E-04  0.7202690377435822E-02  0.4795902683311745E-04  0.9234418480940678E-05
  332   0.1699118206447931E+00  0.8547659389573852E-03  0.2835029376907995E-04  0.5789530328171711E-02  0.2145930301362640E-04  0.2118023061265327E-05
  333   0.1737362335971301E+00  0.8636791341524449E-03  0.2900810535143880E-04  0.5871937945569581E-02  0.6162562216829422E-05 -0.5163181661007948E-05
  334   0.1623286202970903E+00  0.8948033202980127E-03  0.2549035400392955E-04  0.5672070672511606E-02 -0.4455826352997619E-04 -0.5813233309621035E-05
  335   0.1589000304025301E+00  0.8773513705255010E-03  0.2665489620981312E-04  0.5257329087372396E-02 -0.2861162061545951E-04 -0.5404694784825405E-05
  336   0.1472301670900966E+00  0.8280485000922105E-03  0.2694812811355719E-04  0.5117688839379738E-02 -0.9390919158311971E-04  0.1359962571181842E-05
  337   0.1549835683371375E+00  0.8443649014656761E-03  0.2304470743889773E-04  0.5178795156490327E-02 -0.3665843820252761E-04 -0.1046520461366300E-05
  338   0.1422708565056472E+00  0.9493336465783993E-03  0.2676395431173315E-04  0.5434764132390500E-02 -0.1888134453167825E-04  0.6096194758448475E-05
  339   0.1623750617816345E+00  0.9650029495803688E-03  0.2568370608861579E-04  0.6454433883232421E-02  0.5013917102311903E-04  0.2825534715686026E-05
  340   0.1443967328690400E+00  0.9858469379840525E-03  0.2695715708804326E-04  0.5608730391961350E-02 -0.1516740714015725E-04 -0.2016453253911136E-05
  341   0.1453779311290173E+00  0.9689980022676720E-03  0.2534866183019663E-04  0.5865812490790738E-02  0.7092979463648043E-04  0.1323548546997584E-05
  342   0.1346757005846835E+00  0.9072928655758646E-03  0.2763159243036390E-04  0.4476833769585875E-02  0.1354561058123643E-03  0.2504727640941570E-05
  343   0.1455341267377198E+00  0.9776526196360975E-03  0.2514998202534413E-04  0.5256155176756630E-02 -0.8725237662843681E-04 -0.3845706831111098E-05
  344   0.1476806252480125E+00  0.9604732555182160E-03  0.2962348684489077E-04  0.5185221980876283E-02  0.2842133987391136E-04 -0.1036081747732623E-05
  345   0.1346005286856113E+00  0.9542378963932288E-03  0.2861587075005658E-04  0.5549823814760825E-02  0.3843102626665112E-04 -0.7445196535734207E-05
  346   0.1307163422036157E+00  0.9250119739335327E-03  0.2826123699952971E-04  0.4589332954417670E-02 -0.7719043837094731E-05 -0.7857440733413016E-06
  347   0.1267803090865835E+00  0.8986824162853026E-03  0.2684762732523414E-04  0.4269227326414479E-02  0.7732490040816495E-04  0.8779726308257488E-05
  348   0.1152131304497502E+00  0.8903971584509363E-03  0.2761094829552259E-04  0.4185586935723846E-02  0.6692302705971898E-04 -0.7436434205448487E-06
  349   0.1265070428307976E+00  0.9561485543789977E-03  0.2816981015527783E-04  0.5094858323481514E-02 -0.4001417022965963E-04  0.8111364740647320E-05
  350   0.1328967346987209E+00  0.9229394821258063E-03  0.2704892062794942E-04  0.4488686454033028E-02  0.9720423953366952E-05  0.4662443499924126E-05
  351   0.1215982020839124E+00  0.9621960790846739E-03  0.2541042060596191E-04  0.4321737677196979E-02 -0.5877904217134679E-04 -0.2656394185942075E-05
  352   0.1205397618765711E+00  0.1001642341317392E-02  0.2823718350517081E-04  0.4717482503226366E-02  0.1523825892497061E-03 -0.1698037540596643E-05
  353   0.1104591672747552E+00  0.9585456143424515E-03  0.2796814706152962E-04  0.3564935545959423E-02  0.5907172240526653E-05  0.2785724247908976E-06
  354   0.1234819069625472E+00  0.9944733264565431E-03  0.2620535060941196E-04  0.4461140615149121E-02 -0.1408962413106350E-04 -0.3792943656716254E-05
  355   0.1159528518810629E+00  0.9513586625989752E-03  0.2792165328856375E-04  0.3872871080098152E-02 -0.2154642028271928E-04 -0.5416752982501235E-05
  356   0.1037202222191375E+00  0.9520222956729576E-03  0.2749869762701044E-04  0.3632988092783268E-02 -0.1078666047715397E-03 -0.2977524188849471E-05
  357   0.1069494138722528E+00  0.1024446191317515E-02  0.2448761186895581E-04  0.4165376772552971E-02  0.6756204419316802E-04  0.1965241163687890E-05
  358   0.1151346017849821E+00  0.1049158452364025E-02  0.2551501889050204E-04  0.3776709674062606E-02 -0.4977833042227745E-06 -0.3660944271382385E-06
  359   0.1124067868576932E+00  0.1034180527832370E-02  0.2712896488696383E-04  0.3527672133223843E-02  0.1323892671976180E-03 -0.2816190175888247E-05
  360   0.1143730327790667E+00  0.1036074890269643E-02  0.2862325310353378E-04  0.4056816291420318E-02  0.2282385800530284E-04  0.5769725374142381E-05
  361   0.9533468975035256E-01  0.1047135851465223E-02  0.2617470895376836E-04  0.3436582338215148E-02 -0.4001473493484673E-04  0.1518229238030139E-05
  362   0.9627533518011033E-01  0.9868596363689724E-03  0.2893089940034441E-04  0.2914047274246769E-02 -0.6099503015264139E-04 -0.5208208127833849E-05
  363   0.1003814459088314E+00  0.9796911677593739E-03  0.2579941515632743E-04  0.3571729544827845E-02  0.8856188245626473E-04 -0.9233356603963763E-06
  364   0.9945063723951991E-01  0.8661749050045669E-03  0.2629033640484630E-04  0.3078427429642172E-02 -0.1359660401271063E-04 -0.9996156420549997E-06
  365   0.9257718195495522E-01  0.9917105028457093E-03  0.2952287832684066E-04  0.3000614202465079E-02 -0.4045943387176702E-04 -0.3264390515419607E-06
  366   0.9662400405546624E-01  0.9297357807925453E-03  0.2918486775689474E-04  0.2562582150073184E-02  0.7410962090732801E-05 -0.4936571687237582E-05
  367   0.9287470258944848E-01  0.1020924622234649E-02  0.3010518633952855E-04  0.2267050505122322E-02  0.1059198317560410E-03  0.2126960911478264E-05
  368   0.9360957372275713E-01  0.9533829659368463E-03  0.2848675909337269E-04  0.2557989588516514E-02 -0.1030505474690342E-03 -0.8431200674954868E-05
  369   0.9148036783168921E-01  0.1002339328764503E-02  0.2653149530635826E-04  0.2633334872469263E-02  0.3123244332065055E-04  0.7056884935588239E-05
  370   0.9758471855689112E-01  0.9337906557311394E-03  0.2731003029321839E-04  0.2533009912491628E-02  0.1251075747156981E-03 -0.7619080428930468E-06
  371   0.9417824063374862E-01  0.9443444164857226E-03  0.2568638309540816E-04  0.2120639868256529E-02  0.3537558362379233E-04  0.4895043011989483E-05
  372   0.8812168819539143E-01  0.9157200495861776E-03  0.2746741221963138E-04  0.2568960789208351E-02  0.1701490520565285E-04  0.4818584745519167E-05
  373   0.8805722536257245E-01  0.9879748629837463E-03  0.2898604485243862E-04  0.1821749218098968E-02 -0.2917212702954731E-04 -0.1032564608790361E-04
  374   0.8353091073638974E-01  0.9526818145775870E-03  0.2912255853552028E-04  0.2131826149903992E-02 -0.6550909391688693E-04  0.1724751205075367E-05
  375   0.8597202654466431E-01  0.9004001099625175E-03  0.2344719808742949E-04  0.1279691772323590E-02 -0.4658974419195318E-04 -0.5054214614853905E-05
  376   0.8414422689174722E-01  0.9511561909004581E-03  0.2582833938609544E-04  0.1720029341531499E-02  0.6176006255914892E-04  0.2752417809897522E-05
  377   0.8282285055156832E-01  0.9780549827093888E-03  0.2792924976870962E-04  0.1267501943394371E-02  0.4003580067221693E-04 -0.1746894717650299E-05
  378   0.8384074938159178E-01  0.9881347149907410E-03  0.2890208626902897E-04  0.1849829879998422E-02 -0.4232271162874763E-04 -0.8519453596196239E-05
  379   0.8682973821568783E-01  0.9725277233799994E-03  0.2493930786864302E-04  0.1661804031962684E-02 -0.3195131951981406E-04  0.2271167953045900E-05
  380   0.7856983344127620E-01  0.9437880163855658E-03  0.2869110474590200E-04  0.7558088932129622E-03 -0.2388763130575142E-04 -0.1283495672107402E-04
  381   0.8477922742978861E-01  0.9342307298131840E-03  0.2777625982421541E-04  0.1415497992690906E-02  0.1249299630359591E-05 -0.4808820548351640E-05
  382   0.8110538907100898E-01  0.9510458229959424E-03  0.2809856843714349E-04  0.1498532739274830E-02 -0.1753251665192046E-04  0.1309736256853292E-06
  383   0.8070082333766139E-01  0.9741274759270224E-03  0.3061094918674267E-04  0.1259524319921308E-02  0.1785366444374517E-04  0.4217595657976244E-05
  384   0.7717961489336377E-01  0.9590409331233244E-03  0.2766537232170139E-04  0.1523295357737073E-02 -0.1347410443163459E-04 -0.5487507379038444E-05
  385   0.7362550262300310E-01  0.8951206165884086E-03  0.2622125727715184E-04  0.1068907424472042E-02 -0.1477531342039726E-03 -0.3029421647921235E-05
  386   0.7840145330044231E-01  0.8738882111162678E-03  0.2693519978728073E-04  0.7425282487002733E-03  0.1954288656257961E-04  0.3283425304409103E-05
  387   0.6956679653333880E-01  0.8772126304254083E-03  0.2768226723635952E-04  0.8691120055896029E-03 -0.3869596941699941E-04  0.9881010943661834E-05
  388   0.7269848186722172E-01  0.9541569936433753E-03  0.2527790103572371E-04  0.6649474854908151E-03  0.1297404222001990E-04 -0.8560503911056133E-05
  389   0.7812806933782054E-01  0.9335146988579057E-03  0.2671811556622295E-04  0.1188018432188070E-02 -0.2763498071820445E-04 -0.6253439439291414E-05
  390   0.7594033983344814E-01  0.8258436674549059E-03  0.2656712716463265E-04  0.2659856702107071E-03 -0.8640832056498924E-04 -0.5190166632072316E-05
  391   0.7095334696330749E-01  0.8683972356221213E-03  0.2607299660925187E-04  0.7202129561720477E-03 -0.7876274145000770E-04 -0.4429916814790255E-06
  392   0.7569665676531687E-01  0.8361659199049437E-03  0.2809940630097152E-04  0.4397813157232695E-03  0.4834571318244450E-04 -0.7762745263757367E-05
  393   0.6568292336191277E-01  0.8164833218605637E-03  0.2937583367424566E-04  0.2316648761564818E-03 -0.5066827509240682E-04 -0.6781042668236056E-05
  394   0.7684303894202811E-01  0.8523224850175748E-03  0.2671790234467314E-04  0.2738042652658377E-03 -0.7234379037424043E-04 -0.1338700788598052E-05
  395   0.6832901630295202E-01  0.8436731573436798E-03  0.2797656924619632E-04  0.5679356637678308E-03  0.2562945495396694E-04  0.3953076648824056E-05
  396   0.7465463942386123E-01  0.9176172499144755E-03  0.2716680292106430E-04  0.2131358394981615E-03 -0.2890597132452867E-04 -0.2333834755227918E-05
  397   0.7504497959483476E-01  0.8568157547723352E-03  0.2789631030990636E-04 -0.6736813997964535E-03 -0.1602415070914247E-03  0.8707921305074906E-06
  398   0.6912196171262107E-01  0.8537914818369017E-03  0.2580579999923814E-04 -0.2396818380460949E-03 -0.1481885610009938E-04  0.8715782060112808E-05
  399   0.7302009865942355E-01  0.8086473942275082E-03  0.2618243774042878E-04 -0.3169404320187448E-03 -0.1375709366683301E-04  0.6593936237361974E-05
  400   0.6966793258176721E-01  0.8494384894754777E-03  0.2710407611023946E-04 -0.4732900462088110E-03  0.3465912763417625E-04  0.1935659721961607E-05
  401   0.6438696523525489E-01  0.8755881836694430E-03  0.2931622583945399E-04 -0.6214347724634353E-03 -0.5461155425673826E-04  0.2806025959339236E-05
  402   0.7195260755198898E-01  0.7695038627384471E-03  0.2718670858007771E-04 -0.7374139422332448E-03  0.5200806655178332E-04 -0.8561042290157321E-05
  403   0.6850968670543461E-01  0.7952952104511267E-03  0.2663467886526185E-04 -0.1678230291400008E-03  0.4360689501172383E-04  0.1416270078982990E-05
  404   0.6496569422651832E-01  0.8766650331334547E-03  0.2574871849337499E-04 -0.2268508706263350E-03  0.7764116632743107E-04 -0.4047316497070386E-05
  405   0.6333274363960983E-01  0.8420374856331832E-03  0.2811819870221950E-04 -0.6046608075826407E-03 -0.6713412567336046E-04 -0.3817159050554860E-05
  406   0.6262593925775993E-01  0.8584284200756130E-03  0.2904249732952278E-04 -0.4407231970713849E-03 -0.1188466015429771E-04  0.9389153424442761E-05
  407   0.6151018389281648E-01  0.8373351257320158E-03  0.2728565906019258E-04 -0.5888148064203947E-03  0.8916331643681895E-05  0.9401851074707821E-05
  408   0.6281822298290031E-01  0.8528488549866967E-03  0.3073600798510037E-04 -0.6814219416819852E-03 -0.1684841407289101E-04 -0.1634613780870668E-05
  409   0.6927839437521782E-01  0.7689894951741401E-03  0.2718945374395812E-04 -0.4983124295013298E-03 -0.3957284269096538E-05 -0.2087588272043577E-05
  410   0.6339136866633593E-01  0.7947140465135651E-03  0.2625871051311809E-04 -0.1236986344027705E-02  0.1577526231407857E-04  0.3822201312885344E-05
  411   0.6790593943550355E-01  0.7751385631741403E-03  0.2770162541817974E-04 -0.1038050327269695E-02  0.1192916961802545E-03 -0.3507789272288777E-05
  412   0.5944646114456728E-01  0.7698695878684244E-03  0.2660114315198930E-04 -0.6196332564758117E-03 -0.5852958213530893E-04 -0.3074868701871962E-06
  413   0.6856394258495878E-01  0.7877482419501483E-03  0.2751139805345377E-04 -0.1154370436661810E-02  0.4279086386620421E-04  0.4826529112272221E-05
  414   0.5666521992499506E-01  0.7770437671851156E-03  0.2609222022558784E-04 -0.1249379755627457E-02 -0.2886650226385237E-04 -0.1176590861853225E-04
  415   0.6624735114150107E-01  0.8428488563980113E-03  0.2616163824268481E-04 -0.9530924259819152E-03 -0.3043924848772677E-04  0.3923020656111303E-05
  416   0.6464917649083909E-01  0.7990435212256461E-03  0.2579238040280517E-04 -0.8149338492217176E-03 -0.3911060574490101E-04 -0.3887518153140963E-06
  417   0.6148546532340308E-01  0.7904031206334202E-03  0.2489961372697810E-04 -0.1131850431968164E-02 -0.4045502245302431E-04  0.1767621497175960E-05
  418   0.6836979344699697E-01  0.7542427428500112E-03  0.2488094727572260E-04 -0.1794417689054653E-02  0.1674111040397775E-04 -0.2594444006204101E-05
  419   0.6734650590992214E-01  0.7751125270597465E-03  0.2762960271340919E-04 -0.1122676703404088E-02 -0.2581573524121605E-04  0.7184002758677765E-05
  420   0.5965667332730189E-01  0.6782898508020211E-03  0.2364505519892685E-04 -0.1001387412411454E-02 -0.2110566409849127E-04  0.5375677207080239E-05
  421   0.6130018864023540E-01  0.7258749083767210E-03  0.2816636058368815E-04 -0.1731981906647954E-02  0.1324398157339008E-04 -0.8143435648201312E-05
  422   0.5776232302220306E-01  0.7318585806224405E-03  0.2362533316673008E-04 -0.1594270790380852E-02 -0.4603121336565963E-04 -0.1418353516518606E-05
  423   0.5255210984102311E-01  0.6897271820876697E-03  0.2454698556047947E-04 -0.1496915687381351E-02  0.6146918127642285E-04 -0.2047980595507620E-05
  424   0.6020249033822792E-01  0.6747456107211970E-03  0.2834119475029869E-04 -0.1323837317452471E-02  0.5360212006657391E-04  0.1214988523013634E-06
  425   0.6246445744040515E-01  0.7149739950869256E-03  0.2774132641159223E-04 -0.1641038606518572E-02  0.2232834519501787E-05 -0.5285244452780452E-05
  426   0.6480951022944967E-01  0.6064604700277837E-03  0.2549800572403530E-04 -0.1640747473895568E-02 -0.7100325999719837E-05  0.1260247646666964E-05
  427   0.6056775616036927E-01  0.6492345161008906E-03  0.2691409940066151E-04 -0.1403549842987166E-02  0.8082558945945792E-04 -0.6200715548559463E-05
  428   0.6544111015393705E-01  0.6981487444891645E-03  0.2678216090024744E-04 -0.2033783597146161E-02  0.5218620795035805E-04 -0.1151462162267404E-05
  429   0.6190241304501568E-01  0.6959546867286750E-03  0.2665393501913639E-04 -0.1899744703241461E-02 -0.6414659387665809E-04  0.3240324351945035E-05
  430   0.6445754411029692E-01  0.6496196375140874E-03  0.2467256533829257E-04 -0.1713779829889524E-02  0.5541523946882744E-04 -0.4637557288678985E-05
  431   0.5686200929318344E-01  0.6059243150348242E-03  0.2628167870693748E-04 -0.1415971205847294E-02 -0.4847851449687621E-04 -0.3698876290811374E-06
  432   0.6561026889034989E-01  0.6265752398033954E-03  0.2523051727263946E-04 -0.1822573903739142E-02 -0.8325694425108669E-04  0.1755574982425382E-05
  433   0.5988683464420852E-01  0.6137620769069739E-03  0.2694742768203580E-04 -0.1709490798203988E-02  0.2105272617454200E-04  0.3463098752932936E-05
  434   0.5704641303770006E-01  0.6204310856305503E-03  0.2418307509646089E-04 -0.1736953979937734E-02 -0.3887882247488674E-05  0.9389036298813132E-06
  435   0.5771193412152648E-01  0.6887477445183864E-03  0.2595535309343976E-04 -0.1964823192279165E-02 -0.2900788693742114E-04 -0.3652117036653309E-05
  436   0.6118323664543868E-01  0.6184737880614366E-03  0.2609435477818092E-04 -0.1765665323996457E-02  0.2878295226657534E-04 -0.3886527837107447E-05
  437   0.6064387246904425E-01  0.6933461783455536E-03  0.2728380724141872E-04 -0.2348778660106300E-02  0.5502941021141378E-04 -0.2520644367257078E-05
  438   0.5918557378843713E-01  0.6032502729657883E-03  0.2437088147101304E-04 -0.2186112238462755E-02  0.4189916689624951E-04 -0.1100793693585864E-04
  439   0.6297449457428154E-01  0.6448922744244729E-03  0.2745159709016664E-04 -0.2514606468662177E-02  0.3712086216427825E-04 -0.3343967699680137E-05
  440   0.5935065652719425E-01  0.6165624491592383E-03  0.2806519053787043E-04 -0.2028971401612519E-02 -0.5340871081065265E-04 -0.1216444339382994E-05
  441   0.5771560043853074E-01  0.5530620700932743E-03  0.2631281449983448E-04 -0.1964486829136124E-02  0.3694334303043017E-04 -0.2325528740470088E-05
  442   0.5615421189992342E-01  0.5252494707512896E-03  0.2591694894569808E-04 -0.1756476010283206E-02  0.1474594903116423E-04  0.2838352572112767E-05
  443   0.5969581957520982E-01  0.5498172713942134E-03  0.2650185399507953E-04 -0.2213397133321397E-02  0.7955233545544755E-06 -0.6935473180043290E-06
  444   0.6552087336851947E-01  0.5459281776570726E-03  0.2613155981488479E-04 -0.1953100033490510E-02  0.1225426324159083E-04  0.3342701213871326E-05
  445   0.5860680646090637E-01  0.5265090503724812E-03  0.2915064544834084E-04 -0.2088336405864819E-02 -0.2131610230975691E-04  0.2882272251156536E-05
  446   0.6212681368119927E-01  0.5793381502136462E-03  0.2715197127349771E-04 -0.2284587335191198E-02  0.5120247549707835E-04 -0.7193796146606827E-05
  447   0.6424133763702719E-01  0.5472686512229760E-03  0.2560110606047606E-04 -0.2195708595033454E-02 -0.5599175559141296E-05  0.9475129031840037E-05
  448   0.5506776162086142E-01  0.5581646033890860E-03  0.2426956725490944E-04 -0.1826627321881136E-02  0.1171214680608262E-04 -0.2571609374023489E-06
  449   0.6579830624440386E-01  0.5220263242928530E-03  0.2843524768394311E-04 -0.2212393175677825E-02  0.5202792803105432E-05  0.3458453034295892E-06
  450   0.5521070163000787E-01  0.5249479784941703E-03  0.2906214334634843E-04 -0.2125221550526840E-02  0.7183558290392080E-04 -0.7744301607139292E-05
  451   0.5877449281912747E-01  0.5027922978025284E-03  0.2537325638654558E-04 -0.1722330547792624E-02  0.1479537427038337E-04 -0.2164899852832354E-05
  452   0.6344208079326831E-01  0.5351481436669874E-03  0.2715611054987406E-04 -0.2520939599656851E-02 -0.4381211204105266E-05  0.8334659336485583E-06
  453   0.6173726745078080E-01  0.5191954526737551E-03  0.2622895499375528E-04 -0.2249711044163478E-02 -0.2716656214695150E-04  0.3772346513289158E-05
  454   0.6351237107230558E-01  0.4771775384156847E-03  0.3097877234832917E-04 -0.2197018847476162E-02  0.1081668672113821E-04 -0.2041086778096416E-05
  455   0.6401454761990590E-01  0.4992264055372901E-03  0.2561291098151515E-04 -0.2271832023567542E-02 -0.8549317452942213E-05 -0.3017852010297792E-05
  456   0.6030894450932543E-01  0.4645336148696867E-03  0.2746692101764137E-04 -0.2193729844372740E-02  0.3863915643598657E-04 -0.2551652033332491E-05
  457   0.6019054479417034E-01  0.4272028867519250E-03  0.2626961614368773E-04 -0.1768068202488630E-02  0.6346050874077822E-05  0.1409164177415121E-06
  458   0.6055024769031016E-01  0.4547799561428340E-03  0.2539539854465573E-04 -0.2352559956083980E-02 -0.1611008337924682E-04  0.3388460269537684E-05
  459   0.5975744377435422E-01  0.4514904183706978E-03  0.2565714672466073E-04 -0.1950755412672450E-02  0.5535139506125001E-04  0.7337839243855549E-06
  460   0.5960395938310506E-01  0.4206016182910942E-03  0.2391440694379612E-04 -0.2225011543528456E-02  0.5714873367834758E-04 -0.8326888622083945E-05
  461   0.6026989869535662E-01  0.4464996403159613E-03  0.2746292159912501E-04 -0.2305580748938467E-02  0.3864733661052226E-04 -0.5122756910107280E-06
  462   0.6088021524169547E-01  0.4171200369022117E-03  0.2755690960557489E-04 -0.2261724010992553E-02 -0.5717189932653515E-05  0.2058447058264578E-05
  463   0.6126093733369606E-01  0.4129823980658694E-03  0.2750181323496746E-04 -0.2056433957748233E-02 -0.1896153973903633E-04 -0.1759507744941042E-05
  464   0.6025626744390439E-01  0.4101951052092290E-03  0.2762734062369850E-04 -0.2146571322157512E-02 -0.2306902980213653E-04  0.6452200954428969E-05
  465   0.5738880294753425E-01  0.3746015286972098E-03  0.2680933881693010E-04 -0.1864772280952057E-02 -0.1351671773686126E-04  0.3321679408949359E-05
  466   0.6611294292182891E-01  0.3885017623796704E-03  0.2854228221990450E-04 -0.2215608776018843E-02  0.5327357354956294E-05  0.6294950206870385E-05
  467   0.5850743685624457E-01  0.4000309702624180E-03  0.2676747851495045E-04 -0.2096722954102043E-02 -0.2332726754929953E-04  0.2737296018790636E-05
  468   0.6374286338717468E-01  0.4067987432018876E-03  0.2773213300903711E-04 -0.2242036369874454E-02  0.1716465816491114E-04  0.3600466457132409E-05
  469   0.5910421359934753E-01  0.4134520096965707E-03  0.2584929846751832E-04 -0.2114753756391880E-02  0.1659504874773226E-04  0.4034478391381898E-05
  470   0.5950369711470142E-01  0.3871278775728513E-03  0.2494739158149804E-04 -0.1968572730514797E-02  0.4895346880930993E-04  0.4028081262308905E-05
  471   0.6252859193890195E-01  0.3738383430665004E-03  0.2729386088622603E-04 -0.2228178241301611E-02 -0.1451300623339101E-04  0.2155775672504138E-05
  472   0.6285197137911820E-01  0.3656570990072013E-03  0.2605161220980807E-04 -0.2070298582246673E-02  0.1159493349993560E-03 -0.4742033815794381E-05
  473   0.6362540544017124E-01  0.3729411679696590E-03  0.2724950388691532E-04 -0.2137899309227432E-02  0.3242083513035462E-04  0.7453319159316793E-06
  474   0.6216462702702461E-01  0.3405864882393348E-03  0.2713476594722451E-04 -0.1943905676775441E-02  0.3826983016173143E-04 -0.1943636501589049E-06
  475   0.5846615176764819E-01  0.3266145907628552E-03  0.2722882768096628E-04 -0.1969433090580951E-02 -0.8286678376464787E-05 -0.1701099914901918E-05
  476   0.6391823155081984E-01  0.3498739176115709E-03  0.2723865411876365E-04 -0.2245470353013057E-02 -0.7429844844884104E-04  0.2897946176900181E-05
  477   0.6581838148076367E-01  0.3467739549365278E-03  0.2651637841314168E-04 -0.2206152849498410E-02  0.7934653269916764E-04 -0.5193030242190705E-07
  478   0.6302127087098135E-01  0.3050464680189381E-03  0.2708975463853110E-04 -0.1826873964161574E-02 -0.4629577005590191E-04  0.1905432378876197E-05
  479   0.6320280282264409E-01  0.2920394953385560E-03  0.2659287773923903E-04 -0.1870464618443893E-02  0.7164640091321187E-04 -0.6617970302649769E-06
  480   0.6399924889770139E-01  0.2979913460751589E-03  0.2625920360951157E-04 -0.2031869387543839E-02  0.2514010235520574E-04  0.7785240559081088E-06
  481   0.5752888875576043E-01  0.3063145827764746E-03  0.2877032037719052E-04 -0.1763087408409792E-02  0.9875797161932665E-04 -0.1345265901815339E-05
  482   0.6364043147587799E-01  0.3200699506708460E-03  0.2676653277100858E-04 -0.1998599165539922E-02  0.4220068314184054E-04 -0.4731879410016851E-05
  483   0.6172914047914094E-01  0.3138373987202531E-03  0.2730415597606851E-04 -0.2129107589622333E-02  0.1237594141199677E-05  0.1038248573590172E-05
  484   0.6434499765817214E-01  0.2796875467582487E-03  0.2661786137607978E-04 -0.1762068297655726E-02  0.6961088354101191E-04 -0.1726018582954271E-05
  485   0.5923094437287545E-01  0.2826206377551976E-03  0.2797415072867046E-04 -0.1743385682949104E-02  0.4449713062401082E-04  0.2124835610324713E-05
  486   0.6519265105819014E-01  0.2865146799813778E-03  0.2718128453610692E-04 -0.1724692248074912E-02  0.2348617219829431E-04 -0.1596340084345880E-05
  487   0.6164872349130196E-01  0.2720142648111223E-03  0.2780185495302466E-04 -0.1546740661555998E-02  0.2255087797440205E-04  0.7755906974821735E-06
  488   0.6308949377708495E-01  0.2706814117777451E-03  0.2679616830734883E-04 -0.1999042863725991E-02  0.5969570853852088E-05  0.1231441193756477E-06
  489   0.6552266052838661E-01  0.2635629945149415E-03  0.2561501819131972E-04 -0.1882788676092340E-02  0.2808714480731718E-04  0.1958398637452801E-05
  490   0.6789894725408741E-01  0.2694213655127364E-03  0.2690393375977939E-04 -0.1875785653865167E-02 -0.3711008437512483E-04 -0.4790162216844991E-05
  491   0.6011960718314173E-01  0.2560816402032988E-03  0.2704434414960338E-04 -0.1459088765383629E-02 -0.4250220954470280E-04  0.1296568429866835E-05
  492   0.6616656844491600E-01  0.2499679065103921E-03  0.2725437905986485E-04 -0.1676598215395846E-02 -0.9097895786689666E-05  0.1814395570786954E-05
  493   0.6324224632317198E-01  0.2546839947578882E-03  0.2744044449497742E-04 -0.1596730804682497E-02 -0.6948256729580861E-04  0.1397145754079373E-06
  494   0.6043431475925821E-01  0.2470422814918789E-03  0.2419679245527446E-04 -0.1574767590903929E-02  0.7022456654961658E-05  0.7398631298947553E-06
  495   0.6092567071111222E-01  0.2294982062382271E-03  0.2811963190281154E-04 -0.1536365250216429E-02 -0.2367202307435694E-04 -0.1678391241455364E-05
  496   0.6221987103804561E-01  0.2307709288063283E-03  0.2525822766322178E-04 -0.1256702026234393E-02 -0.2072030107985559E-04 -0.1278705645709625E-05
  497   0.6312947903939541E-01  0.2516758829185011E-03  0.2677692098985260E-04 -0.1625520963970551E-02 -0.1325144205556790E-04 -0.2420958068962386E-05
  498   0.6321577091754962E-01  0.2413857430842635E-03  0.2718476877096485E-04 -0.1556017376430466E-02 -0.4100981319665051E-04  0.1419626677540161E-05
  499   0.6113828524366859E-01  0.2288718894804979E-03  0.2717021106101049E-04 -0.1358145967061290E-02 -0.3151588870779102E-04  0.1624446051239882E-05
  500   0.6147262742803016E-01  0.2166240742696975E-03  0.2655433513595388E-04 -0.1409541206556794E-02  0.2199914811641804E-04  0.8212534053914092E-06
