1.200000000000000000e+01
3.700000000000000000e+01
6.200000000000000000e+01
8.700000000000000000e+01
1.120000000000000000e+02
1.370000000000000000e+02
1.620000000000000000e+02
1.870000000000000000e+02
2.120000000000000000e+02
2.370000000000000000e+02
2.620000000000000000e+02
2.870000000000000000e+02
3.120000000000000000e+02
3.370000000000000000e+02
3.620000000000000000e+02
3.870000000000000000e+02
4.120000000000000000e+02
4.370000000000000000e+02
4.620000000000000000e+02
4.870000000000000000e+02
5.120000000000000000e+02
5.370000000000000000e+02
5.620000000000000000e+02
5.870000000000000000e+02
6.120000000000000000e+02
6.370000000000000000e+02
6.620000000000000000e+02
6.870000000000000000e+02
