2.207499798841794018e+03
3.835120729059360656e+03
5.866210043039449374e+03
7.453385499562702535e+03
1.014339865271942836e+04
1.167353269165715028e+04
1.380770537396039981e+04
1.722380059959902792e+04
1.641232646262649359e+04
1.747983192426275855e+04
1.636771930772867381e+04
1.328893302498750745e+04
1.070665955303308874e+04
8.745849208443207317e+03
6.618764985238381087e+03
5.998958843831424019e+03
5.587538395600391596e+03
5.919784269502724783e+03
6.953424381389111659e+03
7.465666213985507056e+03
7.910130660073432409e+03
8.971599367329545203e+03
8.849563877722937832e+03
8.559431956086040373e+03
8.604373423061397261e+03
8.768097091250092490e+03
1.061927478450827948e+04
1.099294164917463786e+04
