1.401296049782992170e-05
2.799145166748878683e-05
4.657371177530295254e-05
6.970786712233892715e-05
9.732385822727950247e-05
1.293298362017330410e-04
1.656077232163434359e-04
2.060078890011554273e-04
2.503429024329763514e-04
2.983803344799983311e-04
3.498346199440563074e-04
4.043580353585663964e-04
4.615309248802990636e-04
5.208514117027263990e-04
5.817249764632525296e-04
6.434544728145095592e-04
7.052313880995835687e-04
7.661294435013401953e-04
8.251019542076788683e-04
8.809847137742748404e-04
9.325064864817289708e-04
9.783094208031738962e-04
1.016981741491781522e-03
1.047104816247868648e-03
1.067315989647260079e-03
1.076387307504817663e-03
1.073318348830434128e-03
1.057438881206437852e-03
1.028514170983320071e-03
9.868429338847290247e-04
9.333357215445245219e-04
8.695607220771434283e-04
7.977451410772738727e-04
7.207238355829336191e-04
6.418324790011944525e-04
5.647494129558652733e-04
4.932971896405401050e-04
4.312201855597021607e-04
3.819574361233925969e-04
3.484295293068667091e-04
3.328553396224904603e-04
3.366095757013675750e-04
3.601268559030873918e-04
4.028535101783525265e-04
4.632453051278584053e-04
5.388080202137808397e-04
6.261779743903215806e-04
7.212405754337187407e-04
8.192859585588251970e-04
9.152010659671943075e-04
1.003696567461323692e-03
1.079564619598163012e-03
1.137959768549244664e-03
1.174690863899559463e-03
1.186507525342644226e-03
1.171361508816991899e-03
1.128622198271789960e-03
1.059227017286213952e-03
9.657518815373201818e-04
8.523933450699672926e-04
7.248617518605442395e-04
5.901921502601924349e-04
4.564857132039283876e-04
3.325980954424156651e-04
2.277923143993776161e-04
1.513727314619820895e-04
1.123143454484227925e-04
1.188988828882682036e-04
1.783669871982314250e-04
2.965947784970677679e-04
4.778033678049052992e-04
7.243113170763987177e-04
1.036341923971919677e-03
1.411898727631805042e-03
1.846722878775061043e-03
2.334344251602166534e-03
2.866234010490866044e-03
3.432059898872488919e-03
4.020037458297353802e-03
4.617361843159600680e-03
5.210697245171218642e-03
5.786695491647016187e-03
6.332513064549741104e-03
6.836296928795440250e-03
7.287613809305224476e-03
7.677804000467391629e-03
8.000248192674655479e-03
8.250542907227879225e-03
8.426585951743521125e-03
8.528577288153094127e-03
8.558942775993160293e-03
8.522188767882911756e-03
8.424695122083131205e-03
8.274453586442003655e-03
8.080758349313954883e-03
7.853856277495498139e-03
7.604566093374750743e-03
7.343878276445384677e-03
7.082550315370254174e-03
6.830714415196503797e-03
6.597516184897024225e-03
6.390802640556181996e-03
6.216875789032849653e-03
6.080324194162290211e-03
5.983939707139610507e-03
5.928720648949535772e-03
5.913956943604246549e-03
5.937387720910477715e-03
5.995418230232457853e-03
6.083380745608410294e-03
6.195823434206432570e-03
6.326811631757659968e-03
6.470227241080251518e-03
6.620053664018443404e-03
6.770635499362452105e-03
6.916904028001819374e-03
7.054561236793962034e-03
7.180216883643206899e-03
7.291475004387234886e-03
7.386968414467469726e-03
7.466342195718583645e-03
7.530189800303139364e-03
7.579948056022353838e-03
7.617759743935135705e-03
7.646314239844508379e-03
7.668677708027706388e-03
7.688124353385371486e-03
7.707979259821201232e-03
7.731481491899156941e-03
7.761673650606135122e-03
7.801321252910548357e-03
7.852862458714771413e-03
7.918386069021296839e-03
7.999633569285444223e-03
8.098019417598549194e-03
8.214662832536048093e-03
8.350424019115093577e-03
8.505938043925801578e-03
8.681640368759964421e-03
8.877779294981307315e-03
9.094412161181989265e-03
9.331383959360983402e-03
9.588288957695144041e-03
9.864417796559629345e-03
1.015869421396542113e-02
1.046960692719813533e-02
1.079514315063085338e-02
1.113273070912877000e-02
1.147919570168855208e-02
1.183074220917931969e-02
1.218295967641289633e-02
1.253086239283255146e-02
1.286896400163582352e-02
1.319138822436939119e-02
1.349201502760840471e-02
1.376465931472074279e-02
1.400327695761729822e-02
1.420219069197265274e-02
1.435632624139549993e-02
1.446144722033717439e-02
1.451437613427224681e-02
1.451318838606200333e-02
1.445736679455451867e-02
1.434790581812931363e-02
1.418735739579806213e-02
1.397981386317766021e-02
1.373082742755439567e-02
1.344726976708428452e-02
1.313713901109410560e-02
1.280932427901251489e-02
1.247333984734175227e-02
1.213904178207802186e-02
1.181633958729889737e-02
1.151491428425660199e-02
1.124395263636502641e-02
1.101190528117658787e-02
1.082627459202579676e-02
1.069343636184310990e-02
1.061849797578402060e-02
1.060519461915458879e-02
1.065582418235189871e-02
1.077122076559166967e-02
1.095076594289186300e-02
1.119243613862893304e-02
1.149288357715944585e-02
1.184754732517105322e-02
1.225079004911740210e-02
1.269605537893328008e-02
1.317604032578784806e-02
1.368287713507679998e-02
1.420831929663917900e-02
1.474392714265848961e-02
1.528124943127316671e-02
1.581199838334925237e-02
1.632821663065561757e-02
1.682243527680221326e-02
1.728782263969728950e-02
1.771832317240867871e-02
1.810878556186315200e-02
1.845507817336788578e-02
1.875418900108093492e-02
1.900430630284779057e-02
1.920487535900195289e-02
1.935662649657852313e-02
1.946156980788522201e-02
1.952295293024596673e-02
1.954517981035836655e-02
1.953369042435942893e-02
1.949480375578293775e-02
1.943552869267263158e-02
1.936334963012628294e-02
1.928599522937288549e-02
1.921119983142136056e-02
1.914646738433578924e-02
1.909884743881676283e-02
1.907473189156629750e-02
1.907967985017048479e-02
1.911827641126779415e-02
1.919402942618798208e-02
1.930930658273749892e-02
1.946531342702585363e-02
1.966211131986561958e-02
1.989867278390433994e-02
2.017297026354536449e-02
2.048209301731192256e-02
2.082238574314316734e-02
2.118960167521079588e-02
2.157906237486592257e-02
2.198581635266140880e-02
2.240478906205048415e-02
2.283091771465309283e-02
2.325926574053212639e-02
2.368511345689655601e-02
2.410402346747535923e-02
2.451188131533305753e-02
2.490491376948824470e-02
2.527968867377941922e-02
2.563310139437483676e-02
2.596235348890478870e-02
2.626492925893754438e-02
2.653857536374462298e-02
2.678128773685272551e-02
2.699130876410844176e-02
2.716713618240735456e-02
2.730754358571508417e-02
2.741161092586706649e-02
2.747876210647617196e-02
2.750880580576897660e-02
2.750197511348894883e-02
2.745896147056478553e-02
2.738093875561593837e-02
2.726957411844551510e-02
2.712702322558512014e-02
2.695590883699259047e-02
2.675928294245373887e-02
2.654057392411412336e-02
2.630352127151649663e-02
2.605210118115191403e-02
2.579044688766410007e-02
2.552276779129179080e-02
2.525327138943071065e-02
2.498609172704024939e-02
2.472522759620051150e-02
2.447449308148428107e-02
2.423748230179567642e-02
2.401754936905389076e-02
2.381780369387362026e-02
2.364111984185807841e-02
2.349016020934423590e-02
2.336740788050487710e-02
2.327520619296264553e-02
2.321580082910752393e-02
2.319137971817569407e-02
2.320410573167281526e-02
2.325613712471904029e-02
2.334963094691908103e-02
2.348672523368703843e-02
2.366949668923096911e-02
2.389989176977887902e-02
2.417963053774451962e-02
2.451008433946821538e-02
2.489213020070533272e-02
2.532598675747030348e-02
2.581103844802089958e-02
2.634565646885467238e-02
2.692702650890899801e-02
2.755099438194901981e-02
2.821194123856200081e-02
2.890269994402804368e-02
2.961452338239491458e-02
3.033711387575669521e-02
3.105872064156821669e-02
3.176630936759518992e-02
3.244580473313426333e-02
3.308240325032710261e-02
3.366095034465668018e-02
3.416637232281080627e-02
3.458415092655363343e-02
3.490082562887400486e-02
3.510450673291305723e-02
3.518538069348009500e-02
3.513618790584781271e-02
3.495265252629155966e-02
3.463384378274192432e-02
3.418244882701749338e-02
3.360493863772790607e-02
3.291161097682155506e-02
3.211649806815784769e-02
3.123713155340111791e-02
3.029416330837615343e-02
2.931084763249005437e-02
2.831239775936416139e-02
2.732523704700160275e-02
2.637617199183518377e-02
2.549151977307682199e-02
2.469622686269007383e-02
2.401301698106895338e-02
2.346160619381662885e-02
2.305802030430030569e-02
2.281404516218545411e-02
2.273683448065840287e-02
2.282869269704415963e-02
2.308704278107111957e-02
2.350458108736694710e-02
2.406961367103884614e-02
2.476656115468590935e-02
2.557661240788409659e-02
2.647850110917158994e-02
2.744937385890911311e-02
2.846571409909788922e-02
2.950428292763527041e-02
3.054303625612571349e-02
3.156197792628063353e-02
3.254391057344879074e-02
3.347505027773171188e-02
3.434547726918315419e-02
3.514940285509707274e-02
3.588524183868223999e-02
3.655548939646065948e-02
3.716641101683786780e-02
3.772756304170792746e-02
3.825116906269258876e-02
3.875138351930966507e-02
3.924347811560476712e-02
3.974298906480949051e-02
4.026486376434775666e-02
4.082264445683750353e-02
4.142772393776196493e-02
4.208870462237252613e-02
4.281088745746873536e-02
4.359591142013018172e-02
4.444155785141144788e-02
4.534172682284486749e-02
4.628658537608727752e-02
4.726288011842350034e-02
4.825439965819298266e-02
4.924256611033058645e-02
5.020712974971083820e-02
5.112693713563832426e-02
5.198074084575545623e-02
5.274801838453251762e-02
5.340976875580497052e-02
5.394925738840056217e-02
5.435268326265545874e-02
5.460974587596615498e-02
5.471409380187378796e-02
5.466364081265094599e-02
5.446073971885702358e-02
5.411220820050269276e-02
5.362920500832162735e-02
5.302695908038761868e-02
5.232435842116042041e-02
5.154341004483319055e-02
5.070858681717250321e-02
4.984608147348846413e-02
4.898299218436655972e-02
4.814646747230644924e-02
4.736284073152415008e-02
4.665678579675820031e-02
4.605052476888904511e-02
4.556311758371860837e-02
4.520985969277319799e-02
4.500180991792670365e-02
4.494546533644940001e-02
4.504259428227583295e-02
4.529023253249025299e-02
4.568084176194931595e-02
4.620262359834630822e-02
4.683997723476615582e-02
4.757408364113566157e-02
4.838359502465739564e-02
4.924540439364594874e-02
5.013546698154945636e-02
5.102964303952921971e-02
5.190453028518753065e-02
5.273825429715595092e-02
5.351118652951668275e-02
5.420656247468411820e-02
5.481097680393132165e-02
5.531473790142255043e-02
5.571207078703425963e-02
5.600116458743972098e-02
5.618406799091361231e-02
5.626644302001672371e-02
5.625719353672532091e-02
5.616798980717627177e-02
5.601271397384164491e-02
5.580685332122226061e-02
5.556686880881431256e-02
5.530956561184612041e-02
5.505149054566708944e-02
5.480837847204304836e-02
5.459466631017805688e-02
5.442308930538831968e-02
5.430436991628507376e-02
5.424700523287930010e-02
5.425715437859535833e-02
5.433862303774327634e-02
5.449293824260848657e-02
5.471950301790746984e-02
5.501581757556525676e-02
5.537775161800481682e-02
5.579985104410408597e-02
5.627566200635594762e-02
5.679805582038824352e-02
5.735953959810306813e-02
5.795253952467238623e-02
5.856964624947407633e-02
5.920381471741240076e-02
5.984851373641529582e-02
6.049782348902368184e-02
6.114648191275200151e-02
6.178988329656710798e-02
6.242403450715298258e-02
6.304547593433187935e-02
6.365117552175120208e-02
6.423840512280869219e-02
6.480460890112342554e-02
6.534727357984951301e-02
6.586381004362734659e-02
6.635145511228969506e-02
6.680720125230929507e-02
6.722776058748183847e-02
6.760956785204082220e-02
6.794882494041033782e-02
6.824158751367093156e-02
6.848389179545219529e-02
6.867191731225530393e-02
6.880217900577345613e-02
6.887173996209525195e-02
6.887843408544014334e-02
6.882108650523689752e-02
6.869971847165211309e-02
6.851572308829431690e-02
6.827199855893802127e-02
6.797302677536726234e-02
6.762488707886535333e-02
6.723519787816285842e-02
6.681298239958063934e-02
6.636845901841663398e-02
6.591276112525260023e-02
6.545759601710667008e-02
6.501485653509815610e-02
6.459620276585129051e-02
6.421263378461029847e-02
6.387407091400140735e-02
6.358897416871328589e-02
6.336401241261196970e-02
6.320380534093536506e-02
6.311075186860300168e-02
6.308495507671572911e-02
6.312424881522059328e-02
6.322432566865267278e-02
6.337896056641559306e-02
6.358031915150487434e-02
6.381933539795134336e-02
6.408613914936543698e-02
6.437051147464332990e-02
6.466234420623007129e-02
6.495207987582420073e-02
6.523110956931120474e-02
6.549210895599871796e-02
6.572929677893694922e-02
6.593860518094896150e-02
6.611775704439731838e-02
6.626625162180074802e-02
6.638526567356493879e-02
6.647748265050137939e-02
6.654686675715401623e-02
6.659840168101750779e-02
6.663781517471713267e-02
6.667131044786828165e-02
6.670532352410722676e-02
6.674632251904134839e-02
6.680066046716003070e-02
6.687448822126609849e-02
6.697372845466005586e-02
6.710410632927082952e-02
6.727122735617885319e-02
6.748068873902096643e-02
6.773820737723368346e-02
6.804974594908841379e-02
6.842161823752684890e-02
6.886055613388397667e-02
6.937372346445312699e-02
6.996866573222763896e-02
7.065318974294031162e-02
7.143517251910584676e-02
7.232230447700319087e-02
7.332177713053407431e-02
7.443993020539371730e-02
7.568187667067335922e-02
7.705112657925358710e-02
7.854923161123689157e-02
8.017547178015339837e-02
8.192660394017778347e-02
8.379668864719012900e-02
8.577700778448943408e-02
8.785608043047667126e-02
9.001977903841439088e-02
9.225154247892362880e-02
9.453267723676107848e-02
9.684273343047880567e-02
9.915993867720143684e-02
1.014616704319076801e-01
1.037249464693753287e-01
1.059269137048968745e-01
1.080453174908938135e-01
1.100589366557714055e-01
1.119479735442385493e-01
1.136943927370243496e-01
1.152822065294750453e-01
1.166977091567156372e-01
1.179296648067782866e-01
1.189694563475214989e-01
1.198112022943098876e-01
1.204518488296916906e-01
1.208912418402186273e-01
1.211321812077949533e-01
1.211804563913768812e-01
1.210448590654472634e-01
1.207371657181485619e-01
1.202720810346801089e-01
1.196671319423505409e-01
1.189425025615708370e-01
1.181208020620403837e-01
1.172267604645429590e-01
1.162868515289008642e-01
1.153288466698655645e-01
1.143813089162360325e-01
1.134730408066330493e-01
1.126325043480930765e-01
1.118872343558324350e-01
1.112632683405035405e-01
1.107846164243191378e-01
1.104727934786870619e-01
1.103464328376148607e-01
1.104209967051261593e-01
1.107085930126902734e-01
1.112179023071002831e-01
1.119542116823031147e-01
1.129195462298903940e-01
1.141128824584784901e-01
1.155304230685735428e-01
1.171659088200233956e-01
1.190109413358969720e-01
1.210552908386870741e-01
1.232871650995103624e-01
1.256934202802767186e-01
1.282597006033904530e-01
1.309705015059040856e-01
1.338091595345394236e-01
1.367577810546240502e-01
1.397971301128933252e-01
1.429065027806660504e-01
1.460636203169069502e-01
1.492445759724614907e-01
1.524238698082057419e-01
1.555745623413839762e-01
1.586685712020532435e-01
1.616771255795959317e-01
1.645713815808296232e-01
1.673231884682665482e-01
1.699059820272908750e-01
1.722957680655932688e-01
1.744721474017828511e-01
1.764193246660408776e-01
1.781270377727813825e-01
1.795913436501708482e-01
1.808151991334080444e-01
1.818087838007116097e-01
1.825895236102605401e-01
1.831817897318697430e-01
1.836162650005470076e-01
1.839289897302857635e-01
1.841601179977215841e-01
1.843524336565837696e-01
1.845496911808151008e-01
1.847948589504158634e-01
1.851283510711735636e-01
1.855863376788071950e-01
1.861992226555702901e-01
1.869903716811951444e-01
1.879751627304213635e-01
1.891604159362359761e-01
1.905442408153665002e-01
1.921163171221023092e-01
1.938586022266017839e-01
1.957464342152100134e-01
1.977499773557610807e-01
1.998359366080477706e-01
2.019694518228921376e-01
2.041160712998497939e-01
2.062436992020806881e-01
2.083244123616552756e-01
2.103360491447591185e-01
2.122634858393334933e-01
2.140995335920292397e-01
2.158454102061771185e-01
2.175107647735134431e-01
2.191132578705027867e-01
2.206777244842668684e-01
2.222349697271815971e-01
2.238202674967604000e-01
2.254716485661351355e-01
2.272280761624869971e-01
2.291276132809464405e-01
2.312056862323928208e-01
2.334935430826083069e-01
2.360169937967739329e-01
2.387955015513092139e-01
2.418416726921223947e-01
2.451611674068798208e-01
2.487530258918310422e-01
2.526103773364976601e-01
2.567214732613903316e-01
2.610709643639722022e-01
2.656413226629799618e-01
2.704142996588191905e-01
2.753723073890719242e-01
2.804996131386021663e-01
2.857832502409993758e-01
2.912135664619215913e-01
2.967843570831530386e-01
3.024925606970901848e-01
3.083375302665538609e-01
3.143199281101025089e-01
3.204403288855698362e-01
3.266976467506432780e-01
3.330875291768417013e-01
3.396008777951182722e-01
3.462226640705538538e-01
3.529312027606973934e-01
3.596980281323923778e-01
3.664884865531141123e-01
3.732631152240509231e-01
3.799798221323049119e-01
3.865968194588301210e-01
3.930761950424865314e-01
3.993879380898696096e-01
4.055141705852090550e-01
4.114532794416215222e-01
4.172236010112840843e-01
4.228662835937661568e-01
4.284469489482934379e-01
4.340557936915769299e-01
4.398058178490674708e-01
4.458289412752624026e-01
4.522698679981016490e-01
4.592776805888530434e-01
4.669952863077696525e-01
4.755469868573428127e-01
4.850245956012853576e-01
4.954726702611524369e-01
5.068735555626778799e-01
5.191330293242929494e-01
5.320674088165756599e-01
5.453929950610701960e-01
5.587187068377343913e-01
5.715426814211237438e-01
5.832534961793311989e-01
5.931364969773915696e-01
6.003855112540738004e-01
6.041199829205581295e-01
6.034073023668519165e-01
5.972898290616918127e-01
5.848158295742694746e-01
5.650732948344905360e-01
5.372253726518235739e-01
5.005459705965628059e-01
4.544539652484108072e-01
3.985444090733260558e-01
3.326151648231295277e-01
2.566875233180400118e-01
1.710195718453429159e-01
7.611136891643140168e-02
-2.729866750256046415e-02
-1.382463562141614255e-01
-2.555631155067063509e-01
