2.098663967914929027e-02
4.176542973030227673e-02
6.914557715007862981e-02
1.028456543047055194e-01
1.425104730357868998e-01
1.877092460674548435e-01
2.379338364289423358e-01
2.925973734427129713e-01
3.510335815079803634e-01
4.124972406182917384e-01
4.761662716413088137e-01
5.411460086774309008e-01
6.064762759560236027e-01
6.711419146957362525e-01
7.340873892287491653e-01
7.942360210578273128e-01
8.505142318432470372e-01
9.018808996783401755e-01
9.473615305070581805e-01
9.860864124521793173e-01
1.017331268120690302e+00
1.040558187907643539e+00
1.055453887284662162e+00
1.061961687501328466e+00
1.060303202900457098e+00
1.050985669602230832e+00
1.034791292796534146e+00
1.012745995649386055e+00
9.860665108315593841e-01
9.560867502594633249e-01
9.241665999677420862e-01
8.915884192024868815e-01
8.594482571439958640e-01
8.285498625060475630e-01
7.993097817099145130e-01
7.716811948551447475e-01
7.451027446210407579e-01
7.184767009294771301e-01
6.901786538328319454e-01
6.580988047830098608e-01
6.197130326375468456e-01
5.721803541298028373e-01
5.124621979521126747e-01
4.374580204943527839e-01
3.441511334828699642e-01
2.297581195316988345e-01
9.187484474252131939e-02
-7.138815142908042088e-02
-2.612881441241678981e-01
-4.783575995141176596e-01
-7.223428331163841420e-01
-9.921792798772257616e-01
-1.286007166925914769e+00
-1.601229397327862847e+00
-1.934611125447880609e+00
-2.282417989315067786e+00
-2.640587460220024330e+00
-3.004925484914152012e+00
-3.371318724693235680e+00
-3.735951389350184559e+00
-4.095515014489928163e+00
-4.447399566094146550e+00
-4.789854947181992451e+00
-5.122113256014888982e+00
-5.444463907702592920e+00
-5.758275878470221265e+00
-6.065963766430322757e+00
-6.370896995774636196e+00
-6.677254240545165587e+00
-6.989827925668689268e+00
-7.313786381751821608e+00
-7.654403772878958456e+00
-8.016770149417149938e+00
-8.405495751374935764e+00
-8.824424849419589378e+00
-9.276374822004282095e+00
-9.762915723846791849e+00
-1.028420425174932262e+01
-1.083888377247659029e+01
-1.142405902931173323e+01
-1.203535044102133433e+01
-1.266702875613221657e+01
-1.331222646944887700e+01
-1.396321810421407861e+01
-1.461175746400856745e+01
-1.524945649165276151e+01
-1.586818763222155049e+01
-1.646048973535985382e+01
-1.701995665767130106e+01
-1.754158790326784967e+01
-1.802208189164457863e+01
-1.846005474431465387e+01
-1.885617076581389995e+01
-1.921317494214502730e+01
-1.953582261845919277e+01
-1.983070682389421435e+01
-2.010598921335064304e+01
-2.037104598628499375e+01
-2.063604509573651313e+01
-2.091147525671694396e+01
-2.120765041215632607e+01
-2.153421518482607766e+01
-2.189967728039825801e+01
-2.231099174912185390e+01
-2.277321950021403651e+01
-2.328927862802343185e+01
-2.385980217313550966e+01
-2.448311019194479243e+01
-2.515529777983676851e+01
-2.587043434424257526e+01
-2.662086331629242153e+01
-2.739758596777133803e+01
-2.819070837452234102e+01
-2.898992710073638790e+01
-2.978502707211639944e+01
-3.056636449002524714e+01
-3.132530856321763224e+01
-3.205461826346155618e+01
-3.274873412082819613e+01
-3.340397005606506298e+01
-3.401859611317627952e+01
-3.459280935829605852e+01
-3.512859676142484489e+01
-3.562950017182294715e+01
-3.610029914351073188e+01
-3.654663201367019099e+01
-3.697457899732285114e+01
-3.739023293622104660e+01
-3.779928362549021159e+01
-3.820664033916969515e+01
-3.861611438711541666e+01
-3.903017945503390962e+01
-3.944982237669061220e+01
-3.987449119437265921e+01
-4.030214124498804296e+01
-4.072937394969251557e+01
-4.115165735667909530e+01
-4.156361263501673875e+01
-4.195934693529007831e+01
-4.233281054606680982e+01
-4.267815522605233980e+01
-4.299007103069306623e+01
-4.326408083301608087e+01
-4.349677492205263007e+01
-4.368597232305562983e+01
-4.383080052826695550e+01
-4.393169081101876827e+01
-4.399029185104138406e+01
-4.400930965605786582e+01
-4.399228638328771268e+01
-4.394333434926251414e+01
-4.386684404408791238e+01
-4.376718619179139580e+01
-4.364842776835472904e+01
-4.351408043808486070e+01
-4.336689722111473344e+01
-4.320872955635502422e+01
-4.304045253736265408e+01
-4.286196127716441140e+01
-4.267223643105311481e+01
-4.246947220498316966e+01
-4.225125601393954611e+01
-4.201478560122227890e+01
-4.175710710169150275e+01
-4.147535637296677891e+01
-4.116698599055453656e+01
-4.082996158433240907e+01
-4.046291358074926592e+01
-4.006523372824630513e+01
-3.963710978570777854e+01
-3.917949616067944163e+01
-3.869402279228533104e+01
-3.818284887519672566e+01
-3.764847182769933909e+01
-3.709350496973799949e+01
-3.652043949974652293e+01
-3.593140741302959640e+01
-3.532796193216920244e+01
-3.471089084182648321e+01
-3.408007592803921426e+01
-3.343440867287360874e+01
-3.277176866304580471e+01
-3.208906708626830095e+01
-3.138235348674532688e+01
-3.064697990902314118e+01
-2.987781294096173212e+01
-2.906948120153163373e+01
-2.821664369059212518e+01
-2.731426324982163578e+01
-2.635786923124607029e+01
-2.534379432235168039e+01
-2.426937225298353695e+01
-2.313308567258111381e+01
-2.193465664877443899e+01
-2.067507577926100026e+01
-1.935656959026589874e+01
-1.798250947510328857e+01
-1.655726868202873803e+01
-1.508603659481907577e+01
-1.357460160881526789e+01
-1.202911518617275988e+01
-1.045585012850929374e+01
-8.860965741960903586e+00
-7.250291452336140807e+00
-5.629138667744443936e+00
-4.002148433011200268e+00
-2.373179851470238688e+00
-7.452415559238305676e-01
8.795341182537386171e-01
2.499876992979144674e+00
4.115329673733898019e+00
5.726169171985522333e+00
7.333306678981747595e+00
8.938172979606870072e+00
1.054259676184714500e+01
1.214868234613969200e+01
1.375869223434011523e+01
1.537493849010936486e+01
1.699968545706206058e+01
1.863506484460487300e+01
2.028300290112373716e+01
2.194515836600562153e+01
2.362286922994159966e+01
2.531710608531745876e+01
2.702843002124701854e+01
2.875695357631280302e+01
3.050230413478012181e+01
3.226359023361642642e+01
3.403937241226392985e+01
3.582764134755130669e+01
3.762580693202814786e+01
3.943070255317577733e+01
4.123860900934518270e+01
4.304530219095413202e+01
4.484612783210794618e+01
4.663610531999058395e+01
4.841006079682544083e+01
5.016278771008862236e+01
5.188923070061719045e+01
5.358468643454898483e+01
5.524501286503081587e+01
5.686683663755141538e+01
5.844774709848024941e+01
5.998646477450228787e+01
6.148297236354747497e+01
6.293859727215475175e+01
6.435603654918473637e+01
6.573931763776018045e+01
6.709369158379539044e+01
6.842545902375344724e+01
6.974173321740920528e+01
7.105014834734456031e+01
7.235852501958068217e+01
7.367450811207375239e+01
7.500519459999668470e+01
7.635677053502237754e+01
7.773417683324485949e+01
7.914082284436430825e+01
8.057836482846776960e+01
8.204656351788293023e+01
8.354323102733978601e+01
8.506427270058362922e+01
8.660382430417998023e+01
8.815447959641939235e+01
8.970759803807578692e+01
9.125367758942741148e+01
9.278277347055471580e+01
9.428494071081270533e+01
9.575067649678413773e+01
9.717133788570795616e+01
9.853951144756304359e+01
9.984931380044260152e+01
1.010966057021741165e+02
1.022791071538337349e+02
1.033964065904719831e+02
1.044498633567782235e+02
1.054424089250694152e+02
1.063782583392942485e+02
1.072625487902163286e+02
1.081009267102285918e+02
1.088991080417410018e+02
1.096624381649327091e+02
1.103954782502340066e+02
1.111016434871566219e+02
1.117829158059205810e+02
1.124396494996186817e+02
1.130704828229902716e+02
1.136723624861170094e+02
1.142406813536938586e+02
1.147695229814655846e+02
1.152520002768553695e+02
1.156806699314382172e+02
1.160479996795897080e+02
1.163468621617105470e+02
1.165710274054527531e+02
1.167156257854173589e+02
1.167775547871991364e+02
1.167558058956260965e+02
1.166516922576488611e+02
1.164689631869020445e+02
1.162137977443520498e+02
1.158946761898709639e+02
1.155221346622201537e+02
1.151084146341199101e+02
1.146670241505233037e+02
1.142122322912752566e+02
1.137585214683009696e+02
1.133200239173660577e+02
1.129099690053231058e+02
1.125401667791095690e+02
1.122205506289393497e+02
1.119587982342064123e+02
1.117600453421556779e+02
1.116267017188424973e+02
1.115583731248904513e+02
1.115518877459810199e+02
1.116014204772081371e+02
1.116987040883053766e+02
1.118333128303320905e+02
1.119930016357763805e+02
1.121640828026516630e+02
1.123318219525767319e+02
1.124808360336796653e+02
1.125954780788503058e+02
1.126601961183654339e+02
1.126598568551953576e+02
1.125800281751862713e+02
1.124072180208755896e+02
1.121290703417572985e+02
1.117345215396845930e+02
1.112139228656212850e+02
1.105591354783871338e+02
1.097636053005055743e+02
1.088224243965096605e+02
1.077323844521350935e+02
1.064920261640110368e+02
1.051016861531561943e+02
1.035635405967276768e+02
1.018816423616666924e+02
1.000619462540651341e+02
9.811231526753275034e+01
9.604249961259652935e+01
9.386407995457872744e+01
9.159036675898833835e+01
8.923624894745752556e+01
8.681798715718514359e+01
8.435294964970573517e+01
8.185929217303923622e+01
7.935558663614105512e+01
7.686040705958542674e+01
7.439188469165704021e+01
7.196724716077011408e+01
6.960235886643449987e+01
6.731128129649569303e+01
6.510587246387186156e+01
6.299544410296138608e+01
6.098649364012094765e+01
5.908252530494416987e+01
5.728397119952847305e+01
5.558821885892455583e+01
5.398974704403250513e+01
5.248036645762584840e+01
5.104955704163355534e+01
4.968488877299844120e+01
4.837250869323417390e+01
4.709767351292981630e+01
4.584530472684295432e+01
4.460054189332482366e+01
4.334926965948540811e+01
4.207859526430303276e+01
4.077725558071148271e+01
3.943593615224087046e+01
3.804748897761164272e+01
3.660704077884165031e+01
3.511198891419910950e+01
3.356188768819044554e+01
3.195823328954907439e+01
3.030416068039100708e+01
2.860407020467044958e+01
2.686320526220646343e+01
2.508720491559593313e+01
2.328165663583569156e+01
2.145167446493089969e+01
1.960152667143127303e+01
1.773433453657268544e+01
1.585186034283608159e+01
1.395439809863152369e+01
1.204077523029447860e+01
1.010846764789914154e+01
8.153824519735016096e+00
6.172393059104450685e+00
4.159327931279234392e+00
2.109864812915267507e+00
1.983344437301154742e-02
-2.113817562480098999e+00
-4.292513677074807354e+00
-6.515595029533601590e+00
-8.779933335858698840e+00
-1.107965124591379258e+01
-1.340596612644801056e+01
-1.574717494645887506e+01
-1.808879052001515575e+01
-2.041383215233721771e+01
-2.270326605322250302e+01
-2.493658308809678559e+01
-2.709249391383351124e+01
-2.914971468239964025e+01
-3.108781066361859047e+01
-3.288806067721316850e+01
-3.453430242093777736e+01
-3.601371785177045126e+01
-3.731751884891560422e+01
-3.844149649883172515e+01
-3.938640241619434335e+01
-4.015813738146457723e+01
-4.076773095230459631e+01
-4.123110522503442610e+01
-4.156862613387680483e+01
-4.180445608037973670e+01
-4.196573174198009326e+01
-4.208160008583359257e+01
-4.218215339181817569e+01
-4.229731001739309448e+01
-4.245569133936601958e+01
-4.268354652058346232e+01
-4.300377533705004396e+01
-4.343509526325156145e+01
-4.399139249953456954e+01
-4.468128792531355487e+01
-4.550793849013433601e+01
-4.646908284663555833e+01
-4.755732769012383443e+01
-4.876065896779304154e+01
-5.006315052688810141e+01
-5.144583254067720191e+01
-5.288767377001121872e+01
-5.436662587297142579e+01
-5.586067492659868350e+01
-5.734884527500246776e+01
-5.881210380107195590e+01
-6.023411859704424387e+01
-6.160183446738865598e+01
-6.290583827641724213e+01
-6.414049925569221955e+01
-6.530388232159667439e+01
-6.639744548162873627e+01
-6.742554476731760360e+01
-6.839478109603641087e+01
-6.931323239850574680e+01
-7.018962070705310907e+01
-7.103246732045636236e+01
-7.184928942486627079e+01
-7.264588864678781022e+01
-7.342577611280312055e+01
-7.418977004181127199e+01
-7.493579121249641162e+01
-7.565886946503195531e+01
-7.635136145124589291e+01
-7.700336690284512997e+01
-7.760331852797561680e+01
-7.813870999083275137e+01
-7.859691791054447663e+01
-7.896606793463467966e+01
-7.923589204028485256e+01
-7.939852445038476958e+01
-7.944918688949196905e+01
-7.938672013598076660e+01
-7.921392755062130675e+01
-7.893770696262420472e+01
-7.856895930691102592e+01
-7.812227502807428436e+01
-7.761541174980486346e+01
-7.706858833023429156e+01
-7.650363052211565673e+01
-7.594301147706185873e+01
-7.540883584809739659e+01
-7.492181898497084092e+01
-7.450031258643230103e+01
-7.415942524382256806e+01
-7.391028081181988796e+01
-7.375944985958933842e+01
-7.370858007462064165e+01
-7.375424099843185388e+01
-7.388798747822615098e+01
-7.409663535966423353e+01
-7.436273281368674759e+01
-7.466520180495506054e+01
-7.498011701889871006e+01
-7.528158435971296569e+01
-7.554267811161545865e+01
-7.573639505546545081e+01
-7.583658516535791705e+01
-7.581882177706368964e+01
-7.566117900805305396e+01
-7.534489034887991465e+01
-7.485486930444450593e+01
-7.418008031326206719e+01
-7.331375547323349906e+01
-7.225345947746400554e+01
-7.100101127823592151e+01
-6.956227610298573438e+01
-6.794684537499149712e+01
-6.616762476998249554e+01
-6.424035207378315704e+01
-6.218306677809963645e+01
-6.001555261412801201e+01
-5.775877266064838267e+01
-5.543431449932576527e+01
-5.306386034463661616e+01
-5.066869436588855535e+01
-4.826925673056356914e+01
-4.588475138181411239e+01
-4.353281232280952651e+01
-4.122923127477743321e+01
-3.898774801355266817e+01
-3.681990344301363649e+01
-3.473495447409097636e+01
-3.273984896198050620e+01
-3.083925822859565713e+01
-2.903566397854437398e+01
-2.732949563798807091e+01
-2.571931326873365009e+01
-2.420203022055092745e+01
-2.277316860975383150e+01
-2.142713959997512063e+01
-2.015753939756537250e+01
-1.895745095496113208e+01
-1.781974071000054849e+01
-1.673733938415715627e+01
-1.570349601074894252e+01
-1.471199503117236773e+01
-1.375732752236977419e+01
-1.283480939327213299e+01
-1.194064166788083980e+01
-1.107191066773405907e+01
-1.022652888898721457e+01
-9.403120482356287724e+00
-8.600858306127738828e+00
-7.819262347944690106e+00
-7.057971713130619662e+00
-6.316504191798446577e+00
-5.594018505578809197e+00
-4.889094601884623970e+00
-4.199546761256948813e+00
-3.522282815943875267e+00
-2.853220505571878007e+00
-2.187269028025597972e+00
-1.518380337490064402e+00
-8.396708881949014325e-01
-1.436105387786633936e-01
5.777285545647612430e-01
1.332373793124998373e+00
2.128118511928153378e+00
2.972168979058530169e+00
3.870789603769682063e+00
4.828964488661701360e+00
5.850093040692185831e+00
6.935735984365895668e+00
8.085425871366481942e+00
9.296553175287581183e+00
1.056433546120264388e+01
1.188187312123591433e+01
1.324029098325631537e+01
1.462896095150132858e+01
1.603579694278377232e+01
1.744760993952234784e+01
1.885050816552209696e+01
2.023032533898582130e+01
2.157305876702768899e+01
2.286529876335280065e+01
2.409463150179244195e+01
2.524999891250990913e+01
2.632200150102663372e+01
2.730313289223330031e+01
2.818793831666515359e+01
2.897309298231050789e+01
2.965740011966432377e+01
3.024171225346450242e+01
3.072878274917652774e+01
3.112305773187688374e+01
3.143042093014585348e+01
3.165790573293244847e+01
3.181338968830136338e+01
3.190528677176070715e+01
3.194225201766677458e+01
3.193291158365404314e+01
3.188562909795555456e+01
3.180831635044587813e+01
3.170829319379967615e+01
3.159219810533530648e+01
3.146594742866706085e+01
3.133473807336494232e+01
3.120308560216609450e+01
3.107488736182187239e+01
3.095349877302079378e+01
3.084181019724838890e+01
3.074231201746312436e+01
3.065713671115905470e+01
3.058806872083718176e+01
3.053651572903737588e+01
3.050343837101663169e+01
3.048923925548541902e+01
3.049361617711417693e+01
3.051538831724563750e+01
3.055230777172616285e+01
3.060087164424939843e+01
3.065615195851750840e+01
3.071166157716904621e+01
3.075927402454687609e+01
3.078921353433251085e+01
3.079012878283407773e+01
3.074925973809909507e+01
3.065270201569749275e+01
3.048576735995355236e+01
3.023343267227146214e+01
2.988086376464671190e+01
2.941399411610256109e+01
2.882013375508728714e+01
2.808857934892605712e+01
2.721119398666535716e+01
2.618292423633466726e+01
2.500222301064092179e+01
2.367134963584556573e+01
2.219652322370730246e+01
2.058791182089660765e+01
1.885944755549749985e+01
1.702846673614312678e+01
1.511518310846296487e+01
1.314201172699479692e+01
1.113276960796556558e+01
9.111786967348823651e+00
7.102968926764729574e+00
5.128851681700596465e+00
3.209698959958339870e+00
1.362683974002667275e+00
-3.988010566149587377e-01
-2.065671263079614572e+00
-3.633482495281586289e+00
-5.102552283329391258e+00
-6.477859712524701052e+00
-7.768726974295801391e+00
-8.988296874080807797e+00
-1.015283152564659552e+01
-1.128086721371817980e+01
-1.239226839558507187e+01
-1.350722956164622168e+01
-1.464527683003436209e+01
-1.582432149571482149e+01
-1.705981523735886896e+01
-1.836405140335628161e+01
-1.974564901582037280e+01
-2.120924624665947178e+01
-2.275541865660460061e+01
-2.438082506022019302e+01
-2.607857116019600952e+01
-2.783876877872599209e+01
-2.964925727809750455e+01
-3.149644423617151645e+01
-3.336621516271799237e+01
-3.524485743033547180e+01
-3.711994194122056712e+01
-3.898110748161220585e+01
-4.082069720548967240e+01
-4.263420404855668266e+01
-4.442049175694724994e+01
-4.618177015564474885e+01
-4.792331668356631269e+01
-4.965295041979459967e+01
-5.138027909679023253e+01
-5.311575320058564387e+01
-5.486957347332110402e+01
-5.665050830529337134e+01
-5.846468503581617426e+01
-6.031442362982574679e+01
-6.219718222783599515e+01
-6.410468152355822724e+01
-6.602226881236244083e+01
-6.792857306560496511e+01
-6.979548986886021567e+01
-7.158852004786322709e+01
-7.326746893993129106e+01
-7.478749533992093745e+01
-7.610048100458044473e+01
-7.715667415330580070e+01
-7.790654453755907127e+01
-7.830277425800240110e+01
-7.830229831784949113e+01
-7.786830260142990312e+01
-7.697208497897419477e+01
-7.559468787954462243e+01
-7.372821794433045284e+01
-7.137678011256501520e+01
-6.855696924000692150e+01
-6.529788145824805667e+01
-6.164062908596643098e+01
-5.763736595418422581e+01
-5.334985338515979691e+01
-4.884761953457988426e+01
-4.420578519568334031e+01
