6.432403946427058580e-05
1.295533965963704612e-04
2.179523915103095131e-04
3.307791368589853656e-04
4.696509029911352120e-04
6.365744431887566295e-04
8.339828552398210592e-04
1.064779095058256261e-03
1.332386139977662564e-03
1.640803596314727121e-03
1.994670230386463849e-03
2.399331441488555556e-03
2.860910051941930720e-03
3.386377923597407198e-03
3.983624785266310156e-03
4.661519245879664104e-03
5.429955273151245744e-03
6.299875481621719855e-03
7.283260513544336998e-03
8.393071832754060366e-03
9.643133746711040136e-03
1.104793995406477825e-02
1.262237108340609655e-02
1.438131336894738800e-02
1.633917563116246349e-02
1.850931270853158755e-02
2.090337848919196148e-02
2.353064985169776510e-02
2.639738199400782845e-02
2.950627226005651457e-02
3.285611903484437352e-02
3.644175977596325611e-02
4.025435427633518304e-02
4.428204524031100625e-02
4.851098175625701003e-02
5.292663995467391386e-02
5.751532933518305191e-02
6.226574296611698395e-02
6.717040165339403790e-02
7.222685732349298782e-02
7.743855454608750133e-02
8.281529257758209195e-02
8.837327372232860190e-02
9.413475925026755509e-02
1.001273773750828017e-01
1.063831387668726092e-01
1.129372167962916229e-01
1.198265468229101627e-01
1.270882959554362202e-01
1.347582551353425362e-01
1.428692104078340130e-01
1.514493588904846644e-01
1.605208443352559300e-01
1.700984931822668023e-01
1.801888303586108575e-01
1.907894416341336941e-01
2.018887252590679526e-01
2.134660420256227487e-01
2.254922349006516225e-01
2.379304539795267515e-01
2.507371969499056497e-01
2.638634650682850080e-01
2.772559421734536733e-01
2.908581280007137559e-01
3.046113921361593424e-01
3.184559543203054344e-01
3.323318328433716995e-01
3.461798286851713313e-01
3.599426238692980951e-01
3.735660655585286150e-01
3.870006824931174205e-01
4.002034396074817257e-01
4.131396844979665084e-01
4.257851823847751960e-01
4.381280825313275673e-01
4.501706178342342879e-01
4.619303190946004722e-01
4.734405327925964024e-01
4.847500686254597735e-01
4.959218682346903107e-01
5.070306718824726389e-01
5.181597538183212448e-01
5.293968865002531832e-01
5.408297666486197031e-01
5.525411839412837089e-01
5.646042327467276634e-01
5.770778604985972171e-01
5.900030187663926062e-01
6.033996420063030275e-01
6.172646309999240133e-01
6.315709674743787971e-01
6.462680348044537171e-01
6.612831660201999862e-01
6.765243823492502750e-01
6.918842215018613517e-01
7.072444852864218090e-01
7.224816646720331192e-01
7.374727343078334441e-01
7.521009575929573643e-01
7.662613181486813696e-01
7.798652025663479481e-01
7.928440068170342636e-01
8.051514228092885306e-01
8.167642739602053448e-01
8.276818957873786076e-01
8.379241833400248307e-01
8.475285361402680184e-01
8.565460110554334872e-01
8.650370372110324224e-01
8.730670535279568822e-01
8.807024024658154371e-01
8.880067601111075737e-01
8.950383113280299119e-01
9.018477975611188802e-01
9.084774812209349681e-01
9.149609901881426977e-01
9.213239334773063449e-01
9.275851184401416871e-01
9.337581546511146691e-01
9.398532030708434126e-01
9.458786238530680901e-01
9.518422935934474083e-01
9.577524023486517768e-01
9.636175994124698274e-01
9.694464293101026087e-01
9.752460786182789443e-01
9.810205320534283180e-01
9.867683051448364884e-01
9.924799744389840583e-01
9.981357603511953336e-01
1.003703430421645670e+00
1.009136781740314293e+00
1.014374931854221007e+00
1.019342599566092522e+00
1.023951493117503997e+00
1.028102846188430730e+00
1.031691055601557050e+00
1.034608283383115390e+00
1.036749796244370803e+00
1.038019735388518106e+00
1.038336947467278115e+00
1.037640471886613458e+00
1.035894277080408044e+00
1.033090872073253896e+00
1.029253488437276820e+00
1.024436625631481412e+00
1.018724869648538478e+00
1.012230018323553082e+00
1.005086663726097784e+00
9.974464817219803603e-01
9.894715535356394254e-01
9.813270907078385230e-01
9.731739540057113835e-01
9.651613523567027508e-01
9.574200849509987288e-01
9.500566533983502149e-01
9.431485251384053026e-01
9.367407762797821391e-01
9.308442822086882007e-01
9.254355572818482312e-01
9.204582705309154456e-01
9.158263835857406443e-01
9.114287730034210666e-01
9.071351169994782415e-01
9.028027529769085957e-01
8.982841545398142502e-01
8.934346412774921697e-01
8.881199256460595715e-01
8.822231196953569388e-01
8.756508675821428334e-01
8.683383321658475484e-01
8.602528380158536159e-01
8.513960509422193734e-01
8.418046488354063994e-01
8.315495053849962792e-01
8.207334649017029582e-01
8.094878331958366147e-01
7.979677480760039021e-01
7.863466260371585470e-01
7.748099111403858874e-01
7.635483787225997299e-01
7.527512693975646485e-01
7.425995451602972475e-01
7.332595654836329135e-01
7.248774731180538389e-01
7.175745538540295732e-01
7.114437906390022048e-01
7.065477715942214409e-01
7.029180376586696699e-01
7.005558749326660228e-01
6.994344765106421669e-01
6.995023258172502478e-01
7.006875939939042341e-01
7.029033014968841808e-01
7.060529700313269430e-01
7.100364843251347757e-01
7.147558914636331640e-01
7.201208851752533002e-01
7.260537502231628748e-01
7.324935752161400027e-01
7.393995789542685548e-01
7.467534350663845855e-01
7.545605219519574414e-01
7.628500697996446478e-01
7.716742232056864603e-01
7.811060853668370108e-01
7.912368557837702321e-01
8.021722149880652353e-01
8.140281438103580403e-01
8.269263882490294204e-01
8.409897920798635740e-01
8.563377173121501373e-01
8.730817582223153739e-01
8.913219301333433764e-01
9.111434823518087534e-01
9.326144490460885894e-01
9.557840153508091463e-01
9.806817408274799419e-01
1.007317649789213121e+00
1.035683168088196826e+00
1.065752858211227228e+00
1.097486878054886317e+00
1.130834062896574732e+00
1.165735504757556829e+00
1.202128479359404478e+00
1.239950549915237454e+00
1.279143661393896680e+00
1.319658031257239017e+00
1.361455645273156767e+00
1.404513181241200837e+00
1.448824209540109154e+00
1.494400556006055369e+00
1.541272757238106195e+00
1.589489587466062614e+00
1.639116685690762631e+00
1.690234358127273184e+00
1.742934670965513133e+00
1.797317979930604714e+00
1.853489064937072106e+00
1.911553050096100881e+00
1.971611291923028864e+00
2.033757412621456151e+00
2.098073641838461345e+00
2.164627610286061099e+00
2.233469713170064708e+00
2.304631131671432076e+00
2.378122568203716813e+00
2.453933717676148873e+00
2.532033464788646882e+00
2.612370768856755454e+00
2.694876175308075883e+00
2.779463878739736771e+00
2.866034257353920811e+00
2.954476802662751034e+00
3.044673380005653129e+00
3.136501771902160840e+00
3.229839473768215008e+00
3.324567725511855976e+00
3.420575769006897637e+00
3.517765316656718433e+00
3.616055198276150850e+00
3.715386122016477444e+00
3.815725441996742351e+00
3.917071774630428216e+00
4.019459253347100081e+00
4.122961164600251749e+00
4.227692674418889851e+00
4.333812341419100989e+00
4.441522124667478089e+00
4.551065636137684223e+00
4.662724457539945355e+00
4.776812436767260195e+00
4.893667993397098570e+00
5.013644586984830731e+00
5.137099626486150150e+00
5.264382214072092836e+00
5.395820213529170850e+00
5.531707205426292795e+00
5.672289934158979641e+00
5.817756863331671191e+00
5.968228435148757782e+00
6.123749577087813201e+00
6.284284916313762182e+00
6.449717050856787814e+00
6.619848089465602214e+00
6.794404513071214069e+00
6.973045236652557044e+00
7.155372569201523980e+00
7.340945593272159897e+00
7.529295327319114328e+00
7.719940908094759635e+00
7.912405949847769016e+00
8.106234212381711046e+00
8.301003746235215530e+00
8.496338780026096771e+00
8.691918764556261223e+00
8.887484177850849321e+00
9.082838907374510384e+00
9.277849241037351646e+00
9.472439698836016220e+00
9.666586105906812776e+00
9.860306434917715634e+00
1.005365002444876588e+01
1.024668581051518501e+01
1.043949019443720871e+01
1.063213511983991211e+01
1.082467685462523832e+01
1.101714588119352989e+01
1.120953820099297715e+01
1.140180826749383947e+01
1.159386368267930401e+01
1.178556173274630758e+01
1.197670780106343535e+01
1.216705568181102137e+01
1.235630982253345422e+01
1.254412954259883151e+01
1.273013529879684924e+01
1.291391708820003892e+01
1.309504508103275988e+01
1.327308255068878218e+01
1.344760110526681629e+01
1.361819811794021895e+01
1.378451610062113453e+01
1.394626356998733208e+01
1.410323672756780056e+01
1.425534103256985574e+01
1.440261151050859212e+01
1.454523043950482375e+01
1.468354091903887060e+01
1.481805478108591601e+01
1.494945337473988367e+01
1.507857995777586702e+01
1.520642276544641369e+01
1.533408828848127925e+01
1.546276485469202022e+01
1.559367723630220048e+01
1.572803365388240771e+01
1.586696716953398933e+01
1.601147401041057350e+01
1.616235179761025620e+01
1.632014094325769804e+01
1.648507259871237451e+01
1.665702647753988686e+01
1.683550163507579356e+01
1.701960286616406748e+01
1.720804479233881423e+01
1.739917496457509571e+01
1.759101642740978377e+01
1.778132920491248825e+01
1.796768911805117597e+01
1.814758127907451879e+01
1.831850459587546354e+01
1.847808273005601265e+01
1.862417626225122547e+01
1.875499039569763227e+01
1.886917242733049704e+01
1.896589346595517611e+01
1.904490947743953910e+01
1.910659765870417459e+01
1.915196532396136320e+01
1.918262985064512449e+01
1.920076968528477579e+01
1.920904786334817871e+01
1.921051086757189097e+01
1.920846687273512288e+01
1.920634845196533647e+01
1.920756561899816006e+01
1.921535563193372553e+01
1.923263627400478981e+01
1.926186934518735683e+01
1.930494083479084466e+01
1.936306369234603153e+01
1.943670827182293337e+01
1.952556440256822157e+01
1.962853767121400850e+01
1.974378093461698214e+01
1.986876040131364718e+01
2.000035391377218019e+01
2.013497744218500074e+01
2.026873436901710690e+01
2.039758099410799019e+01
2.051750089243798669e+01
2.062468034889333879e+01
2.071567708170333688e+01
2.078757482583199589e+01
2.083811703295823392e+01
2.086581389892282345e+01
2.087001809106780215e+01
2.085096586129848362e+01
2.080978164644972139e+01
2.074844573504456946e+01
2.066972608095414898e+01
2.057707682911796354e+01
2.047450754109303261e+01
2.036642840979934732e+01
2.025747786864046063e+01
2.015233985832047381e+01
2.005555854834448581e+01
1.997135846646769508e+01
1.990347773899363659e+01
1.985502149064473443e+01
1.982834143074878952e+01
1.982494633153762109e+01
1.984544657595924377e+01
1.988953432184956682e+01
1.995599920146798212e+01
2.004277794406294433e+01
2.014703494847705656e+01
2.026526969308353543e+01
2.039344597927836134e+01
2.052713737046627784e+01
2.066168280695232795e+01
2.079234623691170114e+01
2.091447419388627793e+01
2.102364555870774154e+01
2.111580825969787512e+01
2.118739837334514320e+01
2.123543796984904120e+01
2.125760907050503334e+01
2.125230220228926115e+01
2.121863919104195517e+01
2.115647096019912610e+01
2.106635212645753796e+01
2.094949504223876247e+01
2.080770657450052497e+01
2.064331129944511645e+01
2.045906492555641165e+01
2.025806165050545360e+01
2.004363885059499140e+01
1.981928204928040316e+01
1.958853257739775700e+01
1.935489978509613707e+01
1.912177915004719964e+01
1.889237719109771874e+01
1.866964376704575557e+01
1.845621212686920032e+01
1.825434697265827921e+01
1.806590078149260847e+01
1.789227867831448293e+01
1.773441222805112716e+01
1.759274258928084578e+01
1.746721351797170030e+01
1.735727470683433182e+01
1.726189588239005701e+01
1.717959195184839416e+01
1.710845929796455422e+01
1.704622306777111973e+01
1.699029499886001915e+01
1.693784098683991246e+01
1.688585722876783635e+01
1.683125339472020343e+01
1.677094089629908424e+01
1.670192395557180021e+01
1.662139085283686768e+01
1.652680247213899989e+01
1.641597509956370970e+01
1.628715438813699024e+01
1.613907751206172136e+01
1.597102080654249789e+01
1.578283063403470443e+01
1.557493582134609689e+01
1.534834074758649791e+01
1.510459898728599093e+01
1.484576827214083572e+01
1.457434836863606442e+01
1.429320421851170586e+01
1.400547730531399182e+01
1.371448865552448204e+01
1.342363713890275179e+01
1.313629679797495520e+01
1.285571682485807443e+01
1.258492754196923791e+01
1.232665536312345900e+01
1.208324924779981124e+01
1.185662064446920283e+01
1.164819837528805557e+01
1.145889936328277336e+01
1.128911555828589108e+01
1.113871689130813181e+01
1.100706958654732226e+01
1.089306869808688205e+01
1.079518332557033844e+01
1.071151261453110060e+01
1.063985037695767488e+01
1.057775598897232250e+01
1.052262914327371313e+01
1.047178605670270102e+01
1.042253485159578474e+01
1.037224803044908938e+01
1.031843022590675751e+01
1.025877970978833531e+01
1.019124245966030884e+01
1.011405788831361541e+01
1.002579562355934506e+01
9.925382972634595902e+00
9.812122915813448643e+00
9.685702650983815332e+00
9.546192864588695315e+00
9.394038045426412964e+00
9.230038296430269185e+00
9.055323243894504159e+00
8.871318795232356891e+00
8.679707652775224602e+00
8.482384643961470516e+00
8.281408065581061351e+00
8.078948348733392848e+00
7.877235419007081241e+00
7.678506145056547716e+00
7.484953233920362159e+00
7.298676845217724640e+00
7.121640066304533612e+00
6.955629227629103184e+00
6.802219855469457066e+00
6.662748871717561805e+00
6.538293468018014920e+00
6.429656912866721363e+00
6.337361397929831774e+00
6.261647893669515241e+00
6.202482860217938487e+00
6.159571541583678922e+00
6.132377454394579708e+00
6.120147562008916964e+00
6.121942499795117953e+00
6.136671089745385110e+00
6.163128257550837041e+00
6.200035350549340407e+00
6.246081759416997947e+00
6.299966679121464352e+00
6.360439811899363249e+00
6.426339822057274276e+00
6.496629399527949822e+00
6.570425875585897302e+00
6.647026454551978603e+00
6.725927275537447514e+00
6.806835690730330235e+00
6.889675337911599584e+00
6.974583788300845910e+00
7.061902765225747558e+00
7.152161149717396249e+00
7.246051214688045583e+00
7.344398753836681060e+00
7.448127990656826292e+00
7.558222357112923007e+00
7.675682411676590711e+00
7.801482310443472734e+00
7.936526342352239638e+00
8.081607079956839357e+00
8.237366674957092627e+00
8.404262740164284651e+00
8.582540109711974452e+00
8.772209564375730295e+00
8.973034359894970891e+00
9.184525116836184111e+00
9.405943334677589363e+00
9.636313494070151364e+00
9.874443420927354609e+00
1.011895231304224829e+01
1.036830558025208759e+01
1.062085542859501786e+01
1.087488592905733853e+01
1.112866115850796334e+01
1.138047488629187498e+01
1.162870021233357676e+01
1.187183754514654765e+01
1.210855934863812067e+01
1.233775018587942540e+01
1.255854074974200607e+01
1.277033478705510916e+01
1.297282808914027896e+01
1.316601902091705689e+01
1.335021037853310943e+01
1.352600268003230077e+01
1.369427928905416358e+01
1.385618402883027400e+01
1.401309215298006272e+01
1.416657569299347585e+01
1.431836429976423197e+01
1.447030274185486931e+01
1.462430622551893222e+01
1.478231466983297793e+01
1.494624701726017690e+01
1.511795659255232671e+01
1.529918844954771018e+01
1.549153956918640951e+01
1.569642269258246259e+01
1.591503449110588875e+01
1.614832868467617999e+01
1.639699462192233526e+01
1.666144172459212314e+01
1.694179007906700818e+01
1.723786732864144255e+01
1.754921188820589251e+01
1.787508237139277156e+01
1.821447299711878642e+01
1.856613462880968868e+01
1.892860100184185868e+01
1.930021960914601920e+01
1.967918664322980504e+01
2.006358532751513124e+01
2.045142691039209737e+01
2.084069353325137897e+01
2.122938212125264101e+01
2.161554837917331540e+01
2.199734990943800739e+01
2.237308741255744238e+01
2.274124288904617330e+01
2.310051374631720833e+01
2.344984173670020411e+01
2.378843571679699664e+01
2.411578733256081719e+01
2.443167889727965658e+01
2.473618293598288176e+01
2.502965311521568026e+01
2.531270654565146572e+01
2.558619772949803561e+01
2.585118470764413345e+01
2.610888823713447948e+01
2.636064508283054764e+01
2.660785673919819772e+01
2.685193509559844927e+01
2.709424672727102390e+01
2.733605762190420307e+01
2.757848024117176777e+01
2.782242485314886693e+01
2.806855705575516069e+01
2.831726332171656324e+01
2.856862623406059853e+01
2.882241082923269460e+01
2.907806312715516128e+01
2.933472150224523745e+01
2.959124104760434548e+01
2.984623052635899398e+01
3.009810091262699672e+01
3.034512393355044324e+01
3.058549846614608825e+01
3.081742215657791917e+01
3.103916524512247932e+01
3.124914333038263692e+01
3.144598571141689192e+01
3.162859602450719620e+01
3.179620214747509266e+01
3.194839278151670925e+01
3.208513872449692883e+01
3.220679760673297665e+01
3.231410173552835374e+01
3.240812965512586885e+01
3.249026301645696435e+01
3.256213131570439145e+01
3.262554792391894409e+01
3.268244153344999603e+01
3.273478761070925458e+01
3.278454461936930642e+01
3.283359960913659137e+01
3.288372724001285263e+01
3.293656542417944166e+01
3.299360955957769903e+01
3.305622585374712230e+01
3.312568258828738266e+01
3.320319645683419196e+01
3.328998944548600747e+01
3.338735024230987136e+01
3.349669298490252345e+01
3.361960539467641240e+01
3.375787810123038213e+01
3.391350729446553913e+01
3.408866379654563161e+01
3.428562321771765653e+01
3.450665400689040752e+01
3.475386284422011585e+01
3.502899981773808946e+01
3.533322901453455245e+01
3.566687333507494628e+01
3.602914530186096442e+01
3.641787815118172489e+01
3.682927337987483440e+01
3.725768198638306217e+01
3.769543678140519205e+01
3.813275226693700404e+01
3.855770669413165308e+01
3.895631804255729236e+01
3.931272193181293773e+01
3.960945501114074574e+01
3.982784237551499729e+01
3.994848223061327275e+01
3.995181562865997194e+01
3.981876387828268093e+01
3.953141147840999281e+01
3.907370841910436354e+01
3.843216271391602135e+01
3.759649232547636188e+01
3.656020543359909425e+01
3.532107939840822297e+01
3.388151184001686289e+01
3.224872191428762846e+01
3.043478592378001579e+01
2.845649856363749208e+01
2.633505896555592329e+01
2.409558881341208192e+01
2.176649768322652534e+01
