3.831837908276610705e+01
7.556451853690866471e+01
1.236043178546647425e+02
1.811343738661489056e+02
2.466284428839348948e+02
3.183982302198122056e+02
3.946590584036578662e+02
4.735971670628637185e+02
5.534353931779031655e+02
6.324941587181417617e+02
7.092450397965945967e+02
7.823546836179115189e+02
8.507174442570361634e+02
9.134757869589540178e+02
9.700282206368078732e+02
1.020025215952156714e+03
1.063354209900341630e+03
1.100115349667212740e+03
1.130590057804414982e+03
1.155204785114923652e+03
1.174492444411662518e+03
1.189053985197307838e+03
1.199522384227341263e+03
1.206531007242205760e+03
1.210687868374228628e+03
1.212556807582968077e+03
1.212646058705115138e+03
1.211404128670917316e+03
1.209222388606972117e+03
1.206443323151948562e+03
1.203373023285466843e+03
1.200296261258105687e+03
1.197492366610538966e+03
1.195250133830297500e+03
1.193880130204341413e+03
1.193723023977008779e+03
1.195152897995694730e+03
1.198574927002307277e+03
1.204417248222488070e+03
1.213117313785804299e+03
1.225103448968093062e+03
1.240772723769614686e+03
1.260466552478775611e+03
1.284445647670137987e+03
1.312866059133691124e+03
1.345758019233722052e+03
1.383009196077401612e+03
1.424353733431854607e+03
1.469368146455311944e+03
1.517474764866047281e+03
1.567952993610153499e+03
1.619958220891444398e+03
1.672547770512612260e+03
1.724712894641844514e+03
1.775415456621979956e+03
1.823627679808975017e+03
1.868373151552980516e+03
1.908767179981337222e+03
1.944054608391319562e+03
1.973643295592195273e+03
1.997131663209252110e+03
2.014328981149075616e+03
2.025267394950416474e+03
2.030205075860138322e+03
2.029620276902781598e+03
2.024196486199135506e+03
2.014799263094603248e+03
2.002445705451181539e+03
1.988267812069000229e+03
1.973471259715673341e+03
1.959291299897807221e+03
1.946947589951407735e+03
1.937599803368284483e+03
1.932305816016738163e+03
1.931984141747952435e+03
1.937382099378854946e+03
1.949050942284658959e+03
1.967328882965922276e+03
1.992332610721100764e+03
2.023957544815478741e+03
2.061886702767632414e+03
2.105607708176042252e+03
2.154437129117400218e+03
2.207551039959650552e+03
2.264020448539661629e+03
2.322850037411593348e+03
2.383018540488361850e+03
2.443519020585426915e+03
2.503397332047863529e+03
2.561787145701569443e+03
2.617940077593482329e+03
2.671249692024311571e+03
2.721268433888402342e+03
2.767716873261957971e+03
2.810485002171315045e+03
2.849625693443406362e+03
2.885340797360355737e+03
2.917960696115332212e+03
2.947918441989097573e+03
2.975719857381488055e+03
3.001911160279802516e+03
3.027045787425020990e+03
3.051652113035480397e+03
3.076203701304081733e+03
3.101093588231183730e+03
3.126613869324092775e+03
3.152941585073997430e+03
3.180131560364148299e+03
3.208116484462371773e+03
3.236714134429714704e+03
3.265641267029746814e+03
3.294533352781570557e+03
3.322969019578742973e+03
3.350497828803956963e+03
3.376669837239173830e+03
3.401065312288558744e+03
3.423322970399770838e+03
3.443165198452380992e+03
3.460418889747441881e+03
3.475030769984197832e+03
3.487076390204382278e+03
3.496762305974519222e+03
3.504421325846250966e+03
3.510501077243802229e+03
3.515546484502770454e+03
3.520177063374966565e+03
3.525060192939029548e+03
3.530881716883049194e+03
3.538315342918911483e+03
3.547992347400884682e+03
3.560473052303883833e+03
3.576221428146385733e+03
3.595583997693421679e+03
3.618773983065537777e+03
3.645861367349459670e+03
3.676769246579578976e+03
3.711276545165572315e+03
3.749026873155022713e+03
3.789543031486312429e+03
3.832246433885161423e+03
3.876480520939139751e+03
3.921537099817376202e+03
3.966684455631141191e+03
4.011196048040104415e+03
4.054378627077634064e+03
4.095598670573006530e+03
4.134306155381727876e+03
4.170054817982468194e+03
4.202518228231313515e+03
4.231501184399735394e+03
4.256946129613480480e+03
4.278934481734853762e+03
4.297682953862021350e+03
4.313535115371048050e+03
4.326948599384478257e+03
4.338478498399918863e+03
4.348757603193972500e+03
4.358474229438926159e+03
4.368348440709026363e+03
4.379107515077542303e+03
4.391461514945762246e+03
4.406079805928724454e+03
4.423569330587653894e+03
4.444455376879964206e+03
4.469165490170335943e+03
4.498017062919308046e+03
4.531208999978452994e+03
4.568817703026801610e+03
4.610797449475841859e+03
4.656985064729730766e+03
4.707108608717113384e+03
4.760799625755073066e+03
4.817608349339756387e+03
4.877021118867867699e+03
4.938479161757542897e+03
5.001397829255291072e+03
5.065185353218589626e+03
5.129260218155345683e+03
5.193066319088094133e+03
5.256085199859969180e+03
5.317844833769434445e+03
5.377924611398510024e+03
5.435956428946949018e+03
5.491622011814667530e+03
5.544646848510230484e+03
5.594791334371910125e+03
5.641839918421119364e+03
5.685589196449051997e+03
5.725835987833139370e+03
5.762366464270532560e+03
5.794947361012032161e+03
5.823320194905702920e+03
5.847199242677259463e+03
5.866273805800233276e+03
5.880215017436883500e+03
5.888687147951162842e+03
5.891363056478117869e+03
5.887943136302408675e+03
5.878176830686569701e+03
5.861885571363650342e+03
5.838985829733695937e+03
5.809510882857645811e+03
5.773629890143578450e+03
5.731662954645677928e+03
5.684091002327853857e+03
5.631559545475460254e+03
5.574875689931950546e+03
5.514998083309063986e+03
5.453019863197341692e+03
5.390145029492904541e+03
5.327659011810374068e+03
5.266894511274156685e+03
5.209193947938146266e+03
5.155870026453967512e+03
5.108166033668138880e+03
5.067217497935520441e+03
5.034016771748566498e+03
5.009381952614413422e+03
4.993931342440751905e+03
4.988064377340997453e+03
4.991949654851595369e+03
5.005520362736461720e+03
5.028477091749164174e+03
5.060297711805204926e+03
5.100253722640219166e+03
5.147432268665803349e+03
5.200762841958904573e+03
5.259047591431347428e+03
5.320994110188989907e+03
5.385249582823256787e+03
5.450435232332922169e+03
5.515180102369551605e+03
5.578153332725225482e+03
5.638094222088272545e+03
5.693839510288516976e+03
5.744347442289643368e+03
5.788718290178841016e+03
5.826211102405552992e+03
5.856256519807961013e+03
5.878465547011474882e+03
5.892634199933322634e+03
5.898743971995966604e+03
5.896958081306598615e+03
5.887613487056880331e+03
5.871208703760606113e+03
5.848387503186347203e+03
5.819918680085472261e+03
5.786672170160548376e+03
5.749591944840741235e+03
5.709666261515983024e+03
5.667896010882054725e+03
5.625262063260405739e+03
5.582692659675112736e+03
5.541032006867312703e+03
5.501011304564662169e+03
5.463223446193173913e+03
5.428102581735652166e+03
5.395909608457028298e+03
5.366724461280885407e+03
5.340445814395011439e+03
5.316798489046577743e+03
5.295348504154105285e+03
5.275525325095294647e+03
5.256650483612198514e+03
5.237971381614330312e+03
5.218698777228490144e+03
5.198046204629992644e+03
5.175269418699396738e+03
5.149703895459039813e+03
5.120798467826202796e+03
5.088143335135530833e+03
5.051490948799503713e+03
5.010768633168142514e+03
4.966082231576064260e+03
4.917710548893107443e+03
4.866090865924147693e+03
4.811796297873293952e+03
4.755506228690125681e+03
4.697971447048519622e+03
4.639975913162479628e+03
4.582297279074063226e+03
4.525668355528488064e+03
4.470741660694033271e+03
4.418059002381057326e+03
4.368027746547472816e+03
4.320905028505679184e+03
4.276790693309167182e+03
4.235629236907905579e+03
4.197220491278028021e+03
4.161238287145567483e+03
4.127255868188301065e+03
4.094776448540674664e+03
4.063267023868582783e+03
4.032193381612534722e+03
4.001054217155297010e+03
3.969412350624480496e+03
3.936921246803669874e+03
3.903345353773116585e+03
3.868573173588461032e+03
3.832622434671880910e+03
3.795637221492566368e+03
3.757877402033944691e+03
3.719701147574372044e+03
3.681541735043752851e+03
3.643880136479351222e+03
3.607215115330473054e+03
3.572032654625792020e+03
3.538776533580181422e+03
3.507821750604292902e+03
3.479452272282055219e+03
3.453844286113474027e+03
3.431055770917845621e+03
3.411022797307523888e+03
3.393562557776001086e+03
3.378382727810299002e+03
3.365096400376255588e+03
3.353241537194437115e+03
3.342303657929031033e+03
3.331740353794823932e+03
3.321006170178613502e+03
3.309576452579074612e+03
3.296968884543135573e+03
3.282761653182235932e+03
3.266607440925755327e+03
3.248242742059379452e+03
3.227492318322874326e+03
3.204268918237482012e+03
3.178568669947605486e+03
3.150462799714287485e+03
3.120086513861603635e+03
3.087626001343626285e+03
3.053304562377379170e+03
3.017368845923698245e+03
2.980076090103838396e+03
2.941683114077154187e+03
2.902437620130675896e+03
2.862572145927784277e+03
2.822300775623167738e+03
2.781818491737318254e+03
2.741302843261843464e+03
2.700917433480967247e+03
2.660816604666074454e+03
2.621150623857113715e+03
2.582070658197784269e+03
2.543732869475996722e+03
2.506301051413143341e+03
2.469947372034008822e+03
2.434850956336146737e+03
2.401194238453229445e+03
2.369157213261358720e+03
2.338909910267334908e+03
2.310603583654595695e+03
2.284361249111968846e+03
2.260268290484591034e+03
2.238363900315333012e+03
2.218634104408955864e+03
2.201007051737383335e+03
2.185351131066323887e+03
2.171476311789581359e+03
2.159138908739246745e+03
2.148049751645825381e+03
2.137885513442056435e+03
2.128302732389093762e+03
2.118953865447558655e+03
2.109504547658781576e+03
2.099651115783998193e+03
2.089137392610174629e+03
2.077769726434984932e+03
2.065429339939512374e+03
2.052081161818800410e+03
2.037778487355275047e+03
2.022663031406950040e+03
2.006960186979465561e+03
1.990969570440184270e+03
1.975051204938868977e+03
1.959607950737898136e+03
1.945065019464957686e+03
1.931847594806456755e+03
1.920357713204876745e+03
1.910951626123068309e+03
1.903918865421687769e+03
1.899464164346767120e+03
1.897693251601220709e+03
1.898603341952186156e+03
1.902078904343405839e+03
1.907893011015901266e+03
1.915714274344128853e+03
1.925119078859730962e+03
1.935608531390341113e+03
1.946629298708994384e+03
1.957597294121882214e+03
1.967923023878854337e+03
1.977037319648466564e+03
1.984416169121486746e+03
1.989603413458409477e+03
1.992230203969424110e+03
1.992030293325494540e+03
1.988850467549225186e+03
1.982655690072011339e+03
1.973528812495361080e+03
1.961664991730885731e+03
1.947361223498324307e+03
1.931001642537583848e+03
1.913039437304315015e+03
1.893976371262732300e+03
1.874340987581801301e+03
1.854666596325535465e+03
1.835470104288432822e+03
1.817232652354200354e+03
1.800382881853155141e+03
1.785283470690963213e+03
1.772221374700329307e+03
1.761401993317309916e+03
1.752947264875235305e+03
1.746897498168664697e+03
1.743216574329371042e+03
1.741800014932295880e+03
1.742485314176089560e+03
1.745063877435072300e+03
1.749293894827308804e+03
1.754913503217322614e+03
1.761653647404096773e+03
1.769250133489967538e+03
1.777454465887362403e+03
1.786043165127329985e+03
1.794825368097225692e+03
1.803648608237227791e+03
1.812402754942577531e+03
1.821022155425573601e+03
1.829486067281517307e+03
1.837817496875856932e+03
1.846080570250172514e+03
1.854376563861809018e+03
1.862838717385504651e+03
1.871625945560954051e+03
1.880915565823445604e+03
1.890895167360234382e+03
1.901753767906233634e+03
1.913672437761835681e+03
1.926814614837112458e+03
1.941316386630646775e+03
1.957277069793039345e+03
1.974750468825873440e+03
1.993737235328040924e+03
2.014178770809849311e+03
2.035953112981864479e+03
2.058873212591461197e+03
2.082687942438732080e+03
2.107086081853730775e+03
2.131703391217357421e+03
2.156132737516779798e+03
2.179937061556855042e+03
2.202664800636072414e+03
2.223867209058464141e+03
2.243116865287022847e+03
2.260026531024507676e+03
2.274267444920013531e+03
2.285586100601976796e+03
2.293818580960438794e+03
2.298901600051457535e+03
2.300879538734750895e+03
2.299906944234556249e+03
2.296246187587385066e+03
2.290260223598651010e+03
2.282400660354423508e+03
2.273191603123560071e+03
2.263209974112918189e+03
2.253063209550353804e+03
2.243365385727113335e+03
2.234712915894759590e+03
2.227660984209099297e+03
2.222701839631119128e+03
2.220245964775449465e+03
2.220606969500369360e+03
2.223990847740041318e+03
2.230489992905678719e+03
2.240082108292979683e+03
2.252633891254768969e+03
2.267909129870508423e+03
2.285580643175037494e+03
2.305245332677609440e+03
2.326441502266379302e+03
2.348667549892283660e+03
2.371401137564549117e+03
2.394118001909207123e+03
2.416309667862950391e+03
2.437499462137750470e+03
2.457256378098179539e+03
2.475206506077747235e+03
2.491041899741539964e+03
2.504526888222628259e+03
2.515501956197726486e+03
2.523885393786924396e+03
2.529672962703685243e+03
2.532935835642615984e+03
2.533817047075807750e+03
2.532526652838952032e+03
2.529335742559782830e+03
2.524569393467689224e+03
2.518598606688085056e+03
2.511831236800200713e+03
2.504701919034671846e+03
2.497661019902631324e+03
2.491162686702191422e+03
2.485652146090280894e+03
2.481552495217220894e+03
2.479251331426300112e+03
2.479087666883184284e+03
2.481339660456993442e+03
2.486213758738318120e+03
2.493835860797607438e+03
2.504245099303877396e+03
2.517390759698206693e+03
2.533132739186426079e+03
2.551245782824974867e+03
2.571427533746594690e+03
2.593310211262033590e+03
2.616475499810331712e+03
2.640472010885181589e+03
2.664834486885676597e+03
2.689103766884712059e+03
2.712846443574117984e+03
2.735673118173394414e+03
2.757254211014712382e+03
2.777332409421360353e+03
2.795731025193901587e+03
2.812357779871099865e+03
2.827203820631253620e+03
2.840338073362562682e+03
2.851897340193667333e+03
2.862072824457155548e+03
2.871093995929957146e+03
2.879210875714315534e+03
2.886675910411869609e+03
2.893726612162185120e+03
2.900570063997754460e+03
2.907370234695813451e+03
2.914238825985361927e+03
2.921230104916765413e+03
2.928339876665507745e+03
2.935508451432237962e+03
2.942627177080447836e+03
2.949547868689685401e+03
2.956094285763861535e+03
2.962074700731633584e+03
2.967294575798431197e+03
2.971568419461148551e+03
2.974730022513294443e+03
2.976640463374773390e+03
2.977193506002472077e+03
2.976318268887654085e+03
2.973979297350381785e+03
2.970174400499978674e+03
2.964930798237259296e+03
2.958300246155637979e+03
2.950353856539809385e+03
2.941177307997769731e+03
2.930867037828833872e+03
2.919527850250916345e+03
2.907272166251082126e+03
2.894220907960700515e+03
2.880505775653926776e+03
2.866272462888188329e+03
2.851684187503988596e+03
2.836924811850859896e+03
2.822200797813457484e+03
2.807741297025825588e+03
2.793795812347365882e+03
2.780629073719020198e+03
2.768513033087245276e+03
2.757716176614257165e+03
2.748490651170839101e+03
2.741057977913151717e+03
2.735594351052964612e+03
2.732216670767654250e+03
2.730970517169732830e+03
2.731821226664410460e+03
2.734649080908077849e+03
2.739249369417315393e+03
2.745337756083516524e+03
2.752560991844525688e+03
2.760512600931223915e+03
2.768752760511515135e+03
2.776831227968682924e+03
2.784311878972188879e+03
2.790797230355748525e+03
2.795951254253797288e+03
2.799518854025792734e+03
2.801340567460881630e+03
2.801361376789175665e+03
2.799632915914754449e+03
2.796308842121716680e+03
2.791633644926320812e+03
2.785925658152777942e+03
2.779555482126712377e+03
2.772921373996726743e+03
2.766423395413260096e+03
2.760438197293291068e+03
2.755296261907836197e+03
2.751263216309595919e+03
2.748526493937857595e+03
2.747188180119453136e+03
2.747264368605498930e+03
2.748690822795537315e+03
2.751334222222124936e+03
2.755007826374108845e+03
2.759490042980547969e+03
2.764544176986349612e+03
2.769937578672925611e+03
2.775458510541584019e+03
2.780929304491781750e+03
2.786214761764543255e+03
2.791225224593427811e+03
2.795914277810044950e+03
2.800271572833077698e+03
2.804311756243581840e+03
2.808060884330946919e+03
2.811541975025822921e+03
2.814761461653742572e+03
2.817698255214387245e+03
2.820296894753024390e+03
2.822465885969387728e+03
2.824081828021895944e+03
2.824999350955652517e+03
2.825066283163072058e+03
2.824142895408099321e+03
2.822123579874916231e+03
2.818958967918627877e+03
2.814676306741826011e+03
2.809395926581054482e+03
2.803341842921915486e+03
2.796844941311284856e+03
2.790337756653384986e+03
2.784340539945054843e+03
2.779439046863225485e+03
2.776255220719738645e+03
2.775412611563726387e+03
2.777498911980111188e+03
2.783028346707595574e+03
2.792406789965821190e+03
2.805902382481809127e+03
2.823624080963035340e+03
2.845510018841695910e+03
2.871326830401791540e+03
2.900680249663793802e+03
2.933036410444831745e+03
2.967752420914308459e+03
3.004114039315511036e+03
3.041377704475851715e+03
3.078813828338112671e+03
3.115748171975286823e+03
3.151598312487457406e+03
3.185902652596546886e+03
3.218340090680594130e+03
3.248739297858370719e+03
3.277077466312783145e+03
3.303469314278856018e+03
3.328147971142344886e+03
3.351440039320927099e+03
3.373737569842640369e+03
3.395469847966374346e+03
3.417077741375640471e+03
3.438992922877715955e+03
3.461623577441917405e+03
3.485347302724948349e+03
3.510510898057949817e+03
3.537435709819842486e+03
3.566426268815876938e+03
3.597779221935595615e+03
3.631789117612600421e+03
3.668747521427543688e+03
3.708932253498519913e+03
3.752584256766326689e+03
3.799870690030278183e+03
3.850834219742426285e+03
3.905330055135056682e+03
3.962953901190503075e+03
4.022965546473536961e+03
4.084214107882721692e+03
4.145071880067533129e+03
4.203384165241202936e+03
4.256442303779607755e+03
4.300986346015275558e+03
4.333242408762424020e+03
4.348997806880042845e+03
4.343714650746279403e+03
4.312679909624827815e+03
4.251187147287483640e+03
4.154742448428302851e+03
4.019284686593054175e+03
3.841408437320341363e+03
3.618576686327910465e+03
3.349310149772820751e+03
3.033340583170785067e+03
2.671716914553089737e+03
2.266855334586456138e+03
1.822527485008985877e+03
1.343784421391963861e+03
8.368178551741362980e+02
